-8.00000 2.43937e-03
-7.98799 2.47226e-03
-7.97598 2.50250e-03
-7.96396 2.53068e-03
-7.95195 2.55762e-03
-7.93994 2.58438e-03
-7.92793 2.61222e-03
-7.91592 2.64255e-03
-7.90390 2.67697e-03
-7.89189 2.71711e-03
-7.87988 2.76465e-03
-7.86787 2.82120e-03
-7.85586 2.88825e-03
-7.84384 2.96707e-03
-7.83183 3.05866e-03
-7.81982 3.16368e-03
-7.80781 3.28244e-03
-7.79580 3.41484e-03
-7.78378 3.56048e-03
-7.77177 3.71866e-03
-7.75976 3.88846e-03
-7.74775 4.06887e-03
-7.73574 4.25883e-03
-7.72372 4.45725e-03
-7.71171 4.66300e-03
-7.69970 4.87476e-03
-7.68769 5.09080e-03
-7.67568 5.30868e-03
-7.66366 5.52501e-03
-7.65165 5.73520e-03
-7.63964 5.93353e-03
-7.62763 6.11346e-03
-7.61562 6.26837e-03
-7.60360 6.39259e-03
-7.59159 6.48266e-03
-7.57958 6.53841e-03
-7.56757 6.56361e-03
-7.55556 6.56598e-03
-7.54354 6.55673e-03
-7.53153 6.55036e-03
-7.51952 6.56572e-03
-7.50751 6.62906e-03
-7.49550 6.77934e-03
-7.48348 7.07534e-03
-7.47147 7.59869e-03
-7.45946 8.42385e-03
-7.44745 9.51396e-03
-7.43544 1.06572e-02
-7.42342 1.17739e-02
-7.41141 1.32678e-02
-7.39940 1.53184e-02
-7.38739 1.70545e-02
-7.37538 1.80863e-02
-7.36336 2.17804e-02
-7.35135 4.11759e-02
-7.33934 2.87511e-02
-7.32733 3.62561e-02
-7.31532 4.29433e-02
-7.30330 4.71506e-02
-7.29129 4.79733e-02
-7.27928 4.56979e-02
-7.26727 4.17201e-02
-7.25526 3.78902e-02
-7.24324 3.57361e-02
-7.23123 3.59176e-02
-7.21922 3.81406e-02
-7.20721 4.14718e-02
-7.19520 4.48142e-02
-7.18318 4.73025e-02
-7.17117 4.84932e-02
-7.15916 4.83523e-02
-7.14715 4.71284e-02
-7.13514 4.52031e-02
-7.12312 4.29766e-02
-7.11111 4.08045e-02
-7.09910 3.89713e-02
-7.08709 3.76819e-02
-7.07508 3.70590e-02
-7.06306 3.71428e-02
-7.05105 3.78941e-02
-7.03904 3.92047e-02
-7.02703 4.09154e-02
-7.01502 4.28378e-02
-7.00300 4.47770e-02
-6.99099 4.65508e-02
-6.97898 4.80041e-02
-6.96697 4.90200e-02
-6.95495 4.95279e-02
-6.94294 4.95084e-02
-6.93093 4.89928e-02
-6.91892 4.80584e-02
-6.90691 4.68200e-02
-6.89489 4.54173e-02
-6.88288 4.40014e-02
-6.87087 4.27205e-02
-6.85886 4.17065e-02
-6.84685 4.10636e-02
-6.83483 4.08608e-02
-6.82282 4.11284e-02
-6.81081 4.18591e-02
-6.79880 4.30110e-02
-6.78679 4.45130e-02
-6.77477 4.62711e-02
-6.76276 4.81766e-02
-6.75075 5.01176e-02
-6.73874 5.19914e-02
-6.72673 5.37169e-02
-6.71471 5.52492e-02
-6.70270 5.65920e-02
-6.69069 5.77792e-02
-6.67868 5.87878e-02
-6.66667 5.94130e-02
-6.65465 5.93075e-02
-6.64264 5.84554e-02
-6.63063 5.78802e-02
-6.61862 5.95131e-02
-6.60661 6.43949e-02
-6.59459 7.07550e-02
-6.58258 7.49976e-02
-6.57057 7.53901e-02
-6.55856 7.39634e-02
-6.54655 7.41147e-02
-6.53453 7.72020e-02
-6.52252 8.20707e-02
-6.51051 8.69661e-02
-6.49850 9.10331e-02
-6.48649 9.43702e-02
-6.47447 9.74343e-02
-6.46246 1.00586e-01
-6.45045 1.03925e-01
-6.43844 1.07294e-01
-6.42643 1.10412e-01
-6.41441 1.13097e-01
-6.40240 1.15464e-01
-6.39039 1.17901e-01
-6.37838 1.20683e-01
-6.36637 1.23528e-01
-6.35435 1.25578e-01
-6.34234 1.26020e-01
-6.33033 1.24882e-01
-6.31832 1.23251e-01
-6.30631 1.22641e-01
-6.29429 1.23980e-01
-6.28228 1.26978e-01
-6.27027 1.30330e-01
-6.25826 1.32633e-01
-6.24625 1.33327e-01
-6.23423 1.32912e-01
-6.22222 1.32347e-01
-6.21021 1.32241e-01
-6.19820 1.32535e-01
-6.18619 1.32787e-01
-6.17417 1.32622e-01
-6.16216 1.31976e-01
-6.15015 1.31089e-01
-6.13814 1.30366e-01
-6.12613 1.30212e-01
-6.11411 1.30902e-01
-6.10210 1.32474e-01
-6.09009 1.34701e-01
-6.07808 1.37151e-01
-6.06607 1.39302e-01
-6.05405 1.40696e-01
-6.04204 1.41048e-01
-6.03003 1.40305e-01
-6.01802 1.38629e-01
-6.00601 1.36339e-01
-5.99399 1.33814e-01
-5.98198 1.31420e-01
-5.96997 1.29433e-01
-5.95796 1.28011e-01
-5.94595 1.27178e-01
-5.93393 1.26851e-01
-5.92192 1.26870e-01
-5.90991 1.27045e-01
-5.89790 1.27202e-01
-5.88589 1.27215e-01
-5.87387 1.27020e-01
-5.86186 1.26626e-01
-5.84985 1.26094e-01
-5.83784 1.25523e-01
-5.82583 1.25017e-01
-5.81381 1.24665e-01
-5.80180 1.24518e-01
-5.78979 1.24573e-01
-5.77778 1.24778e-01
-5.76577 1.25033e-01
-5.75375 1.25215e-01
-5.74174 1.25205e-01
-5.72973 1.24909e-01
-5.71772 1.24287e-01
-5.70571 1.23359e-01
-5.69369 1.22206e-01
-5.68168 1.20942e-01
-5.66967 1.19684e-01
-5.65766 1.18568e-01
-5.64565 1.17841e-01
-5.63363 1.17059e-01
-5.62162 1.16349e-01
-5.60961 1.20150e-01
-5.59760 1.23294e-01
-5.58559 1.17572e-01
-5.57357 1.12677e-01
-5.56156 1.11297e-01
-5.54955 1.09385e-01
-5.53754 1.07174e-01
-5.52553 1.05076e-01
-5.51351 1.03071e-01
-5.50150 1.01265e-01
-5.48949 9.97655e-02
-5.47748 9.86328e-02
-5.46547 9.78826e-02
-5.45345 9.74886e-02
-5.44144 9.73911e-02
-5.42943 9.75093e-02
-5.41742 9.77539e-02
-5.40541 9.80368e-02
-5.39339 9.82790e-02
-5.38138 9.84155e-02
-5.36937 9.83981e-02
-5.35736 9.81959e-02
-5.34535 9.77956e-02
-5.33333 9.72008e-02
-5.32132 9.64309e-02
-5.30931 9.55207e-02
-5.29730 9.45207e-02
-5.28529 9.34985e-02
-5.27327 9.25415e-02
-5.26126 9.17588e-02
-5.24925 9.12780e-02
-5.23724 9.12317e-02
-5.22523 9.17316e-02
-5.21321 9.28385e-02
-5.20120 9.45522e-02
-5.18919 9.68396e-02
-5.17718 9.96960e-02
-5.16517 1.03185e-01
-5.15315 1.07388e-01
-5.14114 1.12237e-01
-5.12913 1.17334e-01
-5.11712 1.21899e-01
-5.10511 1.24989e-01
-5.09309 1.25894e-01
-5.08108 1.24523e-01
-5.06907 1.21511e-01
-5.05706 1.17994e-01
-5.04505 1.15133e-01
-5.03303 1.13674e-01
-5.02102 1.13749e-01
-5.00901 1.14978e-01
-4.99700 1.16686e-01
-4.98498 1.18057e-01
-4.97297 1.18303e-01
-4.96096 1.17011e-01
-4.94895 1.14506e-01
-4.93694 1.11761e-01
-4.92492 1.09742e-01
-4.91291 1.08730e-01
-4.90090 1.08263e-01
-4.88889 1.07676e-01
-4.87688 1.06661e-01
-4.86486 1.05405e-01
-4.85285 1.04364e-01
-4.84084 1.03983e-01
-4.82883 1.04526e-01
-4.81682 1.06026e-01
-4.80480 1.08283e-01
-4.79279 1.10915e-01
-4.78078 1.13461e-01
-4.76877 1.15526e-01
-4.75676 1.16913e-01
-4.74474 1.17219e-01
-4.73273 1.17710e-01
-4.72072 1.18692e-01
-4.70871 1.19958e-01
-4.69670 1.22334e-01
-4.68468 1.25872e-01
-4.67267 1.30079e-01
-4.66066 1.33989e-01
-4.64865 1.36605e-01
-4.63664 1.37484e-01
-4.62462 1.37046e-01
-4.61261 1.36271e-01
-4.60060 1.36086e-01
-4.58859 1.37188e-01
-4.57658 1.39879e-01
-4.56456 1.43088e-01
-4.55255 1.44845e-01
-4.54054 1.44795e-01
-4.52853 1.43234e-01
-4.51652 1.54297e-01
-4.50450 1.55031e-01
-4.49249 1.36756e-01
-4.48048 1.35408e-01
-4.46847 1.34290e-01
-4.45646 1.34645e-01
-4.44444 1.36068e-01
-4.43243 1.38290e-01
-4.42042 1.40927e-01
-4.40841 1.43564e-01
-4.39640 1.45847e-01
-4.38438 1.47537e-01
-4.37237 1.48550e-01
-4.36036 1.48987e-01
-4.34835 1.49142e-01
-4.33634 1.49453e-01
-4.32432 1.50383e-01
-4.31231 1.52232e-01
-4.30030 1.54950e-01
-4.28829 1.58062e-01
-4.27628 1.60776e-01
-4.26426 1.62265e-01
-4.25225 1.61994e-01
-4.24024 1.60046e-01
-4.22823 1.56866e-01
-4.21622 1.62086e-01
-4.20420 1.57958e-01
-4.19219 1.50354e-01
-4.18018 1.51538e-01
-4.16817 1.53221e-01
-4.15616 1.54961e-01
-4.14414 1.55677e-01
-4.13213 1.55039e-01
-4.12012 1.53287e-01
-4.10811 1.50994e-01
-4.09610 1.48757e-01
-4.08408 1.47027e-01
-4.07207 1.46097e-01
-4.06006 1.46138e-01
-4.04805 1.47196e-01
-4.03604 1.49165e-01
-4.02402 1.51766e-01
-4.01201 1.54577e-01
-4.00000 1.57127e-01
-3.98799 1.59038e-01
-3.97598 1.60182e-01
-3.96396 1.60766e-01
-3.95195 1.61245e-01
-3.93994 1.62027e-01
-3.92793 1.63116e-01
-3.91592 1.63950e-01
-3.90390 1.63595e-01
-3.89189 1.61457e-01
-3.87988 1.58114e-01
-3.86787 1.55180e-01
-3.85586 1.57172e-01
-3.84384 1.64803e-01
-3.83183 1.66111e-01
-3.81982 1.62748e-01
-3.80781 1.64941e-01
-3.79580 1.72170e-01
-3.78378 1.80021e-01
-3.77177 1.82485e-01
-3.75976 1.79713e-01
-3.74775 1.78190e-01
-3.73574 1.80877e-01
-3.72372 1.85361e-01
-3.71171 1.89310e-01
-3.69970 1.92097e-01
-3.68769 1.93254e-01
-3.67568 1.92469e-01
-3.66366 1.90495e-01
-3.65165 1.89019e-01
-3.63964 1.89624e-01
-3.62763 1.92831e-01
-3.61562 1.97805e-01
-3.60360 2.02816e-01
-3.59159 2.06210e-01
-3.57958 2.07543e-01
-3.56757 2.08207e-01
-3.55556 2.10753e-01
-3.54354 2.16946e-01
-3.53153 2.26045e-01
-3.51952 2.35031e-01
-3.50751 2.40614e-01
-3.49550 2.41147e-01
-3.48348 2.37205e-01
-3.47147 2.30952e-01
-3.45946 2.25101e-01
-3.44745 2.24612e-01
-3.43544 2.36783e-01
-3.42342 2.62548e-01
-3.41141 3.00206e-01
-3.39940 3.01484e-01
-3.38739 3.01931e-01
-3.37538 2.72030e-01
-3.36336 2.97478e-01
-3.35135 2.55398e-01
-3.33934 2.33932e-01
-3.32733 2.12005e-01
-3.31532 1.97224e-01
-3.30330 1.94317e-01
-3.29129 1.95588e-01
-3.27928 1.93218e-01
-3.26727 1.86840e-01
-3.25526 1.78437e-01
-3.24324 1.69740e-01
-3.23123 1.62166e-01
-3.21922 1.56381e-01
-3.20721 1.52258e-01
-3.19520 1.49308e-01
-3.18318 1.47066e-01
-3.17117 1.45224e-01
-3.15916 1.43601e-01
-3.14715 1.42073e-01
-3.13514 1.40545e-01
-3.12312 1.38952e-01
-3.11111 1.37265e-01
-3.09910 1.35493e-01
-3.08709 1.33660e-01
-3.07508 1.31787e-01
-3.06306 1.29877e-01
-3.05105 1.27920e-01
-3.03904 1.25900e-01
-3.02703 1.23806e-01
-3.01502 1.21650e-01
-3.00300 1.19464e-01
-2.99099 1.17300e-01
-2.97898 1.15221e-01
-2.96697 1.13289e-01
-2.95495 1.11555e-01
-2.94294 1.10052e-01
-2.93093 1.08791e-01
-2.91892 1.07758e-01
-2.90691 1.06918e-01
-2.89489 1.06222e-01
-2.88288 1.05608e-01
-2.87087 1.05011e-01
-2.85886 1.04367e-01
-2.84685 1.03620e-01
-2.83483 1.02725e-01
-2.82282 1.01654e-01
-2.81081 1.00394e-01
-2.79880 9.89532e-02
-2.78679 9.73550e-02
-2.77477 9.56378e-02
-2.76276 9.38514e-02
-2.75075 9.20525e-02
-2.73874 9.03002e-02
-2.72673 8.86515e-02
-2.71471 8.71570e-02
-2.70270 8.58576e-02
-2.69069 8.47821e-02
-2.67868 8.39450e-02
-2.66667 8.33469e-02
-2.65465 8.29744e-02
-2.64264 8.28014e-02
-2.63063 8.27917e-02
-2.61862 8.29010e-02
-2.60661 8.30805e-02
-2.59459 8.32792e-02
-2.58258 8.34478e-02
-2.57057 8.35407e-02
-2.55856 8.35193e-02
-2.54655 8.33537e-02
-2.53453 8.30243e-02
-2.52252 8.25232e-02
-2.51051 8.18547e-02
-2.49850 8.10343e-02
-2.48649 8.00873e-02
-2.47447 7.90468e-02
-2.46246 7.79518e-02
-2.45045 7.68472e-02
-2.43844 7.57848e-02
-2.42643 7.48218e-02
-2.41441 7.40105e-02
-2.40240 7.33795e-02
-2.39039 7.29227e-02
-2.37838 7.26219e-02
-2.36637 7.24956e-02
-2.35435 7.26166e-02
-2.34234 7.30371e-02
-2.33033 7.36683e-02
-2.31832 7.42619e-02
-2.30631 7.45701e-02
-2.29429 7.45481e-02
-2.28228 7.43818e-02
-2.27027 7.43058e-02
-2.25826 7.44113e-02
-2.24625 7.46255e-02
-2.23423 7.48331e-02
-2.22222 7.49872e-02
-2.21021 7.51218e-02
-2.19820 7.53032e-02
-2.18619 7.55870e-02
-2.17417 7.60049e-02
-2.16216 7.65669e-02
-2.15015 7.72640e-02
-2.13814 7.80680e-02
-2.12613 7.89325e-02
-2.11411 7.97989e-02
-2.10210 8.06039e-02
-2.09009 8.12876e-02
-2.07808 8.17986e-02
-2.06607 8.20964e-02
-2.05405 8.21522e-02
-2.04204 8.19546e-02
-2.03003 8.15228e-02
-2.01802 8.09178e-02
-2.00601 8.02321e-02
-1.99399 7.95538e-02
-1.98198 7.89486e-02
-1.96997 7.84260e-02
-1.95796 7.78883e-02
-1.94595 7.75013e-02
-1.93393 7.60094e-02
-1.92192 7.42498e-02
-1.90991 7.25866e-02
-1.89790 7.08341e-02
-1.88589 6.90478e-02
-1.87387 6.73981e-02
-1.86186 6.60071e-02
-1.84985 6.49000e-02
-1.83784 6.40481e-02
-1.82583 6.34323e-02
-1.81381 6.30606e-02
-1.80180 6.29483e-02
-1.78979 6.30977e-02
-1.77778 6.34963e-02
-1.76577 6.41222e-02
-1.75375 6.49426e-02
-1.74174 6.60030e-02
-1.72973 6.71668e-02
-1.71772 6.82184e-02
-1.70571 6.93912e-02
-1.69369 7.06342e-02
-1.68168 7.18625e-02
-1.66967 7.30567e-02
-1.65766 7.42126e-02
-1.64565 7.53234e-02
-1.63363 7.63618e-02
-1.62162 7.71867e-02
-1.60961 7.77833e-02
-1.59760 7.81809e-02
-1.58559 7.84343e-02
-1.57357 7.85605e-02
-1.56156 7.85285e-02
-1.54955 7.83073e-02
-1.53754 7.78943e-02
-1.52553 7.73082e-02
-1.51351 7.65738e-02
-1.50150 7.57137e-02
-1.48949 7.47455e-02
-1.47748 7.36832e-02
-1.46547 7.25404e-02
-1.45345 7.13326e-02
-1.44144 7.00781e-02
-1.42943 6.87985e-02
-1.41742 6.75196e-02
-1.40541 6.62735e-02
-1.39339 6.50994e-02
-1.38138 6.40412e-02
-1.36937 6.31435e-02
-1.35736 6.24468e-02
-1.34535 6.19841e-02
-1.33333 6.17797e-02
-1.32132 6.18491e-02
-1.30931 6.21994e-02
-1.29730 6.28298e-02
-1.28529 6.37305e-02
-1.27327 6.48830e-02
-1.26126 6.62598e-02
-1.24925 6.78254e-02
-1.23724 6.95383e-02
-1.22523 7.13530e-02
-1.21321 7.32225e-02
-1.20120 7.50999e-02
-1.18919 7.69402e-02
-1.17718 7.87011e-02
-1.16517 8.03439e-02
-1.15315 8.18349e-02
-1.14114 8.31460e-02
-1.12913 8.42558e-02
-1.11712 8.51502e-02
-1.10511 8.58232e-02
-1.09309 8.62766e-02
-1.08108 8.65201e-02
-1.06907 8.65700e-02
-1.05706 8.64491e-02
-1.04505 8.61844e-02
-1.03303 8.58070e-02
-1.02102 8.53498e-02
-1.00901 8.48466e-02
-0.99700 8.43308e-02
-0.98498 8.38336e-02
-0.97297 8.33835e-02
-0.96096 8.30051e-02
-0.94895 8.27181e-02
-0.93694 8.25374e-02
-0.92492 8.24725e-02
-0.91291 8.25276e-02
-0.90090 8.27020e-02
-0.88889 8.29906e-02
-0.87688 8.33840e-02
-0.86486 8.38699e-02
-0.85285 8.44334e-02
-0.84084 8.50581e-02
-0.82883 8.57271e-02
-0.81682 8.64242e-02
-0.80480 8.71344e-02
-0.79279 8.78454e-02
-0.78078 8.85480e-02
-0.76877 8.92371e-02
-0.75676 8.99123e-02
-0.74474 9.05777e-02
-0.73273 9.12426e-02
-0.72072 9.19207e-02
-0.70871 9.26298e-02
-0.69670 9.33910e-02
-0.68468 9.42270e-02
-0.67267 9.51612e-02
-0.66066 9.62157e-02
-0.64865 9.74100e-02
-0.63664 9.87591e-02
-0.62462 1.00273e-01
-0.61261 1.01955e-01
-0.60060 1.03802e-01
-0.58859 1.05807e-01
-0.57658 1.07956e-01
-0.56456 1.10233e-01
-0.55255 1.12618e-01
-0.54054 1.15088e-01
-0.52853 1.17614e-01
-0.51652 1.20160e-01
-0.50450 1.22679e-01
-0.49249 1.25108e-01
-0.48048 1.27370e-01
-0.46847 1.29378e-01
-0.45646 1.31043e-01
-0.44444 1.32293e-01
-0.43243 1.33094e-01
-0.42042 1.33469e-01
-0.40841 1.33517e-01
-0.39640 1.33419e-01
-0.38438 1.33422e-01
-0.37237 1.33815e-01
-0.36036 1.34884e-01
-0.34835 1.36862e-01
-0.33634 1.39885e-01
-0.32432 1.43961e-01
-0.31231 1.48953e-01
-0.30030 1.54596e-01
-0.28829 1.60593e-01
-0.27628 1.66799e-01
-0.26426 1.73102e-01
-0.25225 1.78423e-01
-0.24024 1.80967e-01
-0.22823 1.85910e-01
-0.21622 2.04945e-01
-0.20420 2.26777e-01
-0.19219 2.25120e-01
-0.18018 2.09786e-01
-0.16817 2.05932e-01
-0.15616 2.14043e-01
-0.14414 2.23959e-01
-0.13213 2.31155e-01
-0.12012 2.35591e-01
-0.10811 2.36866e-01
-0.09610 2.33420e-01
-0.08408 2.26103e-01
-0.07207 2.19834e-01
-0.06006 2.19938e-01
-0.04805 2.26929e-01
-0.03604 2.35176e-01
-0.02402 2.44207e-01
-0.01201 2.54474e-01
0.00000 2.47376e-01
0.01201 2.26679e-01
0.02402 2.38455e-01
0.03604 2.27951e-01
0.04805 2.12050e-01
0.06006 1.99516e-01
0.07207 1.92310e-01
0.08408 1.86551e-01
0.09610 1.82310e-01
0.10811 1.79614e-01
0.12012 1.76886e-01
0.13213 1.73464e-01
0.14414 1.68757e-01
0.15616 1.63913e-01
0.16817 1.62384e-01
0.18018 1.64256e-01
0.19219 1.63574e-01
0.20420 1.58672e-01
0.21622 1.55782e-01
0.22823 1.51859e-01
0.24024 1.39468e-01
0.25225 1.29493e-01
0.26426 1.32041e-01
0.27628 1.35958e-01
0.28829 1.30759e-01
0.30030 1.21673e-01
0.31231 1.15686e-01
0.32432 1.12041e-01
0.33634 1.08837e-01
0.34835 1.07397e-01
0.36036 1.09516e-01
0.37237 1.15092e-01
0.38438 1.21832e-01
0.39640 1.25867e-01
0.40841 1.23354e-01
0.42042 1.12498e-01
0.43243 9.46449e-02
0.44444 7.36962e-02
0.45646 5.47345e-02
0.46847 1.71221e-01
0.48048 3.13404e-02
0.49249 2.71417e-02
0.50450 2.65689e-02
0.51652 2.73482e-02
0.52853 2.82491e-02
0.54054 2.86741e-02
0.55255 2.84793e-02
0.56456 2.77673e-02
0.57658 2.67367e-02
0.58859 2.55900e-02
0.60060 2.44832e-02
0.61261 2.35071e-02
0.62462 2.26925e-02
0.63664 2.20278e-02
0.64865 2.14801e-02
0.66066 2.10124e-02
0.67267 2.05930e-02
0.68468 2.01998e-02
0.69670 1.98200e-02
0.70871 1.94482e-02
0.72072 1.90839e-02
0.73273 1.87297e-02
0.74474 1.83895e-02
0.75676 1.80681e-02
0.76877 1.77700e-02
0.78078 1.74995e-02
0.79279 1.72605e-02
0.80480 1.70561e-02
0.81682 1.68888e-02
0.82883 1.67604e-02
0.84084 1.66721e-02
0.85285 1.66243e-02
0.86486 1.66169e-02
0.87688 1.66493e-02
0.88889 1.67202e-02
0.90090 1.68282e-02
0.91291 1.69711e-02
0.92492 1.71464e-02
0.93694 1.73513e-02
0.94895 1.75827e-02
0.96096 1.78372e-02
0.97297 1.81111e-02
0.98498 1.84006e-02
0.99700 1.87017e-02
1.00901 1.90102e-02
1.02102 1.93222e-02
1.03303 1.96334e-02
1.04505 1.99398e-02
1.05706 2.02374e-02
1.06907 2.05225e-02
1.08108 2.07913e-02
1.09309 2.10405e-02
1.10511 2.12669e-02
1.11712 2.14677e-02
1.12913 2.16404e-02
1.14114 2.17829e-02
1.15315 2.18934e-02
1.16517 2.19705e-02
1.17718 2.20132e-02
1.18919 2.20211e-02
1.20120 2.19940e-02
1.21321 2.19321e-02
1.22523 2.18361e-02
1.23724 2.17072e-02
1.24925 2.15466e-02
1.26126 2.13563e-02
1.27327 2.11383e-02
1.28529 2.08950e-02
1.29730 2.06292e-02
1.30931 2.03435e-02
1.32132 2.00413e-02
1.33333 1.97255e-02
1.34535 1.93997e-02
1.35736 1.90672e-02
1.36937 1.87314e-02
1.38138 1.83957e-02
1.39339 1.80634e-02
1.40541 1.77378e-02
1.41742 1.74220e-02
1.42943 1.71189e-02
1.44144 1.68312e-02
1.45345 1.65614e-02
1.46547 1.63118e-02
1.47748 1.60843e-02
1.48949 1.58804e-02
1.50150 1.57016e-02
1.51351 1.55487e-02
1.52553 1.54225e-02
1.53754 1.53231e-02
1.54955 1.52507e-02
1.56156 1.52047e-02
1.57357 1.51846e-02
1.58559 1.51892e-02
1.59760 1.52173e-02
1.60961 1.52674e-02
1.62162 1.53376e-02
1.63363 1.54260e-02
1.64565 1.55303e-02
1.65766 1.56481e-02
1.66967 1.57771e-02
1.68168 1.59147e-02
1.69369 1.60582e-02
1.70571 1.62050e-02
1.71772 1.63526e-02
1.72973 1.64985e-02
1.74174 1.66401e-02
1.75375 1.67751e-02
1.76577 1.69014e-02
1.77778 1.70170e-02
1.78979 1.71200e-02
1.80180 1.72089e-02
1.81381 1.72822e-02
1.82583 1.73389e-02
1.83784 1.73781e-02
1.84985 1.73993e-02
1.86186 1.74019e-02
1.87387 1.73861e-02
1.88589 1.73520e-02
1.89790 1.73000e-02
1.90991 1.72308e-02
1.92192 1.71452e-02
1.93393 1.70444e-02
1.94595 1.69296e-02
1.95796 1.68023e-02
1.96997 1.66640e-02
1.98198 1.65164e-02
1.99399 1.63613e-02
2.00601 1.62004e-02
2.01802 1.60355e-02
2.03003 1.58687e-02
2.04204 1.57015e-02
2.05405 1.55359e-02
2.06607 1.53734e-02
2.07808 1.52156e-02
2.09009 1.50641e-02
2.10210 1.49201e-02
2.11411 1.47848e-02
2.12613 1.46592e-02
2.13814 1.45441e-02
2.15015 1.44402e-02
2.16216 1.43478e-02
2.17417 1.42674e-02
2.18619 1.41989e-02
2.19820 1.41422e-02
2.21021 1.40970e-02
2.22222 1.40629e-02
2.23423 1.40392e-02
2.24625 1.40252e-02
2.25826 1.40199e-02
2.27027 1.40224e-02
2.28228 1.40315e-02
2.29429 1.40460e-02
2.30631 1.40647e-02
2.31832 1.40863e-02
2.33033 1.41095e-02
2.34234 1.41330e-02
2.35435 1.41556e-02
2.36637 1.41759e-02
2.37838 1.41929e-02
2.39039 1.42053e-02
2.40240 1.42123e-02
2.41441 1.42127e-02
2.42643 1.42060e-02
2.43844 1.41912e-02
2.45045 1.41680e-02
2.46246 1.41359e-02
2.47447 1.40945e-02
2.48649 1.40437e-02
2.49850 1.39835e-02
2.51051 1.39140e-02
2.52252 1.38355e-02
2.53453 1.37482e-02
2.54655 1.36528e-02
2.55856 1.35496e-02
2.57057 1.34396e-02
2.58258 1.33233e-02
2.59459 1.32016e-02
2.60661 1.30755e-02
2.61862 1.29458e-02
2.63063 1.28134e-02
2.64264 1.26795e-02
2.65465 1.25450e-02
2.66667 1.24107e-02
2.67868 1.22778e-02
2.69069 1.21471e-02
2.70270 1.20195e-02
2.71471 1.18958e-02
2.72673 1.17767e-02
2.73874 1.16630e-02
2.75075 1.15553e-02
2.76276 1.14540e-02
2.77477 1.13597e-02
2.78679 1.12725e-02
2.79880 1.11929e-02
2.81081 1.11209e-02
2.82282 1.10567e-02
2.83483 1.10001e-02
2.84685 1.09510e-02
2.85886 1.09094e-02
2.87087 1.08748e-02
2.88288 1.08469e-02
2.89489 1.08253e-02
2.90691 1.08095e-02
2.91892 1.07991e-02
2.93093 1.07933e-02
2.94294 1.07917e-02
2.95495 1.07936e-02
2.96697 1.07982e-02
2.97898 1.08051e-02
2.99099 1.08134e-02
3.00300 1.08225e-02
3.01502 1.08319e-02
3.02703 1.08408e-02
3.03904 1.08487e-02
3.05105 1.08549e-02
3.06306 1.08590e-02
3.07508 1.08606e-02
3.08709 1.08591e-02
3.09910 1.08541e-02
3.11111 1.08454e-02
3.12312 1.08326e-02
3.13514 1.08156e-02
3.14715 1.07942e-02
3.15916 1.07682e-02
3.17117 1.07376e-02
3.18318 1.07025e-02
3.19520 1.06628e-02
3.20721 1.06187e-02
3.21922 1.05702e-02
3.23123 1.05178e-02
3.24324 1.04614e-02
3.25526 1.04015e-02
3.26727 1.03382e-02
3.27928 1.02720e-02
3.29129 1.02031e-02
3.30330 1.01319e-02
3.31532 1.00589e-02
3.32733 9.98430e-03
3.33934 9.90857e-03
3.35135 9.83207e-03
3.36336 9.75519e-03
3.37538 9.67828e-03
3.38739 9.60171e-03
3.39940 9.52580e-03
3.41141 9.45088e-03
3.42342 9.37725e-03
3.43544 9.30516e-03
3.44745 9.23488e-03
3.45946 9.16662e-03
3.47147 9.10057e-03
3.48348 9.03689e-03
3.49550 8.97570e-03
3.50751 8.91712e-03
3.51952 8.86120e-03
3.53153 8.80799e-03
3.54354 8.75750e-03
3.55556 8.70972e-03
3.56757 8.66461e-03
3.57958 8.62209e-03
3.59159 8.58209e-03
3.60360 8.54449e-03
3.61562 8.50917e-03
3.62763 8.47599e-03
3.63964 8.44479e-03
3.65165 8.41540e-03
3.66366 8.38766e-03
3.67568 8.36138e-03
3.68769 8.33637e-03
3.69970 8.31245e-03
3.71171 8.28943e-03
3.72372 8.26713e-03
3.73574 8.24537e-03
3.74775 8.22398e-03
3.75976 8.20280e-03
3.77177 8.18166e-03
3.78378 8.16044e-03
3.79580 8.13899e-03
3.80781 8.11720e-03
3.81982 8.09497e-03
3.83183 8.07221e-03
3.84384 8.04885e-03
3.85586 8.02483e-03
3.86787 8.00009e-03
3.87988 7.97463e-03
3.89189 7.94841e-03
3.90390 7.92144e-03
3.91592 7.89374e-03
3.92793 7.86532e-03
3.93994 7.83623e-03
3.95195 7.80651e-03
3.96396 7.77622e-03
3.97598 7.74542e-03
3.98799 7.71418e-03
4.00000 7.68259e-03
