-8.00000 2.43944e-03
-7.98799 2.47234e-03
-7.97598 2.50258e-03
-7.96396 2.53076e-03
-7.95195 2.55771e-03
-7.93994 2.58446e-03
-7.92793 2.61230e-03
-7.91592 2.64263e-03
-7.90390 2.67704e-03
-7.89189 2.71718e-03
-7.87988 2.76472e-03
-7.86787 2.82126e-03
-7.85586 2.88831e-03
-7.84384 2.96713e-03
-7.83183 3.05872e-03
-7.81982 3.16375e-03
-7.80781 3.28250e-03
-7.79580 3.41491e-03
-7.78378 3.56056e-03
-7.77177 3.71875e-03
-7.75976 3.88856e-03
-7.74775 4.06899e-03
-7.73574 4.25896e-03
-7.72372 4.45739e-03
-7.71171 4.66317e-03
-7.69970 4.87495e-03
-7.68769 5.09100e-03
-7.67568 5.30891e-03
-7.66366 5.52526e-03
-7.65165 5.73547e-03
-7.63964 5.93382e-03
-7.62763 6.11377e-03
-7.61562 6.26868e-03
-7.60360 6.39291e-03
-7.59159 6.48298e-03
-7.57958 6.53872e-03
-7.56757 6.56391e-03
-7.55556 6.56626e-03
-7.54354 6.55700e-03
-7.53153 6.55063e-03
-7.51952 6.56599e-03
-7.50751 6.62938e-03
-7.49550 6.77979e-03
-7.48348 7.07602e-03
-7.47147 7.59974e-03
-7.45946 8.42536e-03
-7.44745 9.51578e-03
-7.43544 1.06589e-02
-7.42342 1.17756e-02
-7.41141 1.32702e-02
-7.39940 1.53212e-02
-7.38739 1.70564e-02
-7.37538 1.80888e-02
-7.36336 2.18042e-02
-7.35135 4.11609e-02
-7.33934 2.87621e-02
-7.32733 3.62706e-02
-7.31532 4.29561e-02
-7.30330 4.71573e-02
-7.29129 4.79727e-02
-7.27928 4.56917e-02
-7.26727 4.17117e-02
-7.25526 3.78835e-02
-7.24324 3.57339e-02
-7.23123 3.59205e-02
-7.21922 3.81473e-02
-7.20721 4.14800e-02
-7.19520 4.48217e-02
-7.18318 4.73078e-02
-7.17117 4.84955e-02
-7.15916 4.83519e-02
-7.14715 4.71260e-02
-7.13514 4.51994e-02
-7.12312 4.29725e-02
-7.11111 4.08007e-02
-7.09910 3.89684e-02
-7.08709 3.76802e-02
-7.07508 3.70588e-02
-7.06306 3.71441e-02
-7.05105 3.78968e-02
-7.03904 3.92086e-02
-7.02703 4.09200e-02
-7.01502 4.28428e-02
-7.00300 4.47819e-02
-6.99099 4.65552e-02
-6.97898 4.80077e-02
-6.96697 4.90226e-02
-6.95495 4.95294e-02
-6.94294 4.95087e-02
-6.93093 4.89920e-02
-6.91892 4.80568e-02
-6.90691 4.68178e-02
-6.89489 4.54148e-02
-6.88288 4.39990e-02
-6.87087 4.27185e-02
-6.85886 4.17051e-02
-6.84685 4.10631e-02
-6.83483 4.08613e-02
-6.82282 4.11301e-02
-6.81081 4.18618e-02
-6.79880 4.30147e-02
-6.78679 4.45174e-02
-6.77477 4.62760e-02
-6.76276 4.81818e-02
-6.75075 5.01229e-02
-6.73874 5.19966e-02
-6.72673 5.37217e-02
-6.71471 5.52539e-02
-6.70270 5.65966e-02
-6.69069 5.77839e-02
-6.67868 5.87923e-02
-6.66667 5.94159e-02
-6.65465 5.93075e-02
-6.64264 5.84540e-02
-6.63063 5.78838e-02
-6.61862 5.95290e-02
-6.60661 6.44220e-02
-6.59459 7.07804e-02
-6.58258 7.50081e-02
-6.57057 7.53866e-02
-6.55856 7.39594e-02
-6.54655 7.41213e-02
-6.53453 7.72188e-02
-6.52252 8.20903e-02
-6.51051 8.69827e-02
-6.49850 9.10455e-02
-6.48649 9.43802e-02
-6.47447 9.74439e-02
-6.46246 1.00597e-01
-6.45045 1.03937e-01
-6.43844 1.07307e-01
-6.42643 1.10425e-01
-6.41441 1.13108e-01
-6.40240 1.15475e-01
-6.39039 1.17911e-01
-6.37838 1.20694e-01
-6.36637 1.23538e-01
-6.35435 1.25585e-01
-6.34234 1.26022e-01
-6.33033 1.24882e-01
-6.31832 1.23252e-01
-6.30631 1.22646e-01
-6.29429 1.23991e-01
-6.28228 1.26992e-01
-6.27027 1.30343e-01
-6.25826 1.32642e-01
-6.24625 1.33331e-01
-6.23423 1.32913e-01
-6.22222 1.32349e-01
-6.21021 1.32244e-01
-6.19820 1.32538e-01
-6.18619 1.32789e-01
-6.17417 1.32622e-01
-6.16216 1.31975e-01
-6.15015 1.31089e-01
-6.13814 1.30367e-01
-6.12613 1.30216e-01
-6.11411 1.30909e-01
-6.10210 1.32483e-01
-6.09009 1.34712e-01
-6.07808 1.37162e-01
-6.06607 1.39311e-01
-6.05405 1.40702e-01
-6.04204 1.41050e-01
-6.03003 1.40303e-01
-6.01802 1.38625e-01
-6.00601 1.36332e-01
-5.99399 1.33808e-01
-5.98198 1.31414e-01
-5.96997 1.29429e-01
-5.95796 1.28008e-01
-5.94595 1.27178e-01
-5.93393 1.26852e-01
-5.92192 1.26872e-01
-5.90991 1.27047e-01
-5.89790 1.27205e-01
-5.88589 1.27216e-01
-5.87387 1.27021e-01
-5.86186 1.26626e-01
-5.84985 1.26094e-01
-5.83784 1.25522e-01
-5.82583 1.25017e-01
-5.81381 1.24666e-01
-5.80180 1.24519e-01
-5.78979 1.24575e-01
-5.77778 1.24780e-01
-5.76577 1.25034e-01
-5.75375 1.25217e-01
-5.74174 1.25205e-01
-5.72973 1.24908e-01
-5.71772 1.24285e-01
-5.70571 1.23357e-01
-5.69369 1.22202e-01
-5.68168 1.20938e-01
-5.66967 1.19681e-01
-5.65766 1.18566e-01
-5.64565 1.17840e-01
-5.63363 1.17055e-01
-5.62162 1.16353e-01
-5.60961 1.20169e-01
-5.59760 1.23288e-01
-5.58559 1.17551e-01
-5.57357 1.12672e-01
-5.56156 1.11293e-01
-5.54955 1.09379e-01
-5.53754 1.07168e-01
-5.52553 1.05070e-01
-5.51351 1.03066e-01
-5.50150 1.01261e-01
-5.48949 9.97618e-02
-5.47748 9.86303e-02
-5.46547 9.78814e-02
-5.45345 9.74885e-02
-5.44144 9.73918e-02
-5.42943 9.75108e-02
-5.41742 9.77557e-02
-5.40541 9.80386e-02
-5.39339 9.82806e-02
-5.38138 9.84167e-02
-5.36937 9.83987e-02
-5.35736 9.81957e-02
-5.34535 9.77947e-02
-5.33333 9.71990e-02
-5.32132 9.64284e-02
-5.30931 9.55176e-02
-5.29730 9.45171e-02
-5.28529 9.34947e-02
-5.27327 9.25378e-02
-5.26126 9.17556e-02
-5.24925 9.12757e-02
-5.23724 9.12308e-02
-5.22523 9.17321e-02
-5.21321 9.28406e-02
-5.20120 9.45557e-02
-5.18919 9.68444e-02
-5.17718 9.97022e-02
-5.16517 1.03193e-01
-5.15315 1.07397e-01
-5.14114 1.12248e-01
-5.12913 1.17344e-01
-5.11712 1.21906e-01
-5.10511 1.24989e-01
-5.09309 1.25888e-01
-5.08108 1.24510e-01
-5.06907 1.21496e-01
-5.05706 1.17979e-01
-5.04505 1.15123e-01
-5.03303 1.13669e-01
-5.02102 1.13750e-01
-5.00901 1.14983e-01
-4.99700 1.16693e-01
-4.98498 1.18063e-01
-4.97297 1.18307e-01
-4.96096 1.17014e-01
-4.94895 1.14508e-01
-4.93694 1.11765e-01
-4.92492 1.09749e-01
-4.91291 1.08740e-01
-4.90090 1.08272e-01
-4.88889 1.07683e-01
-4.87688 1.06666e-01
-4.86486 1.05409e-01
-4.85285 1.04369e-01
-4.84084 1.03989e-01
-4.82883 1.04534e-01
-4.81682 1.06035e-01
-4.80480 1.08291e-01
-4.79279 1.10918e-01
-4.78078 1.13456e-01
-4.76877 1.15512e-01
-4.75676 1.16889e-01
-4.74474 1.17185e-01
-4.73273 1.17696e-01
-4.72072 1.18661e-01
-4.70871 1.19938e-01
-4.69670 1.22335e-01
-4.68468 1.25902e-01
-4.67267 1.30144e-01
-4.66066 1.34098e-01
-4.64865 1.36763e-01
-4.63664 1.37689e-01
-4.62462 1.37275e-01
-4.61261 1.36537e-01
-4.60060 1.36490e-01
-4.58859 1.37595e-01
-4.57658 1.39607e-01
-4.56456 1.41811e-01
-4.55255 1.43524e-01
-4.54054 1.44451e-01
-4.52853 1.43618e-01
-4.51652 1.54762e-01
-4.50450 1.55242e-01
-4.49249 1.36987e-01
-4.48048 1.35607e-01
-4.46847 1.34442e-01
-4.45646 1.34745e-01
-4.44444 1.36125e-01
-4.43243 1.38315e-01
-4.42042 1.40927e-01
-4.40841 1.43548e-01
-4.39640 1.45821e-01
-4.38438 1.47505e-01
-4.37237 1.48518e-01
-4.36036 1.48958e-01
-4.34835 1.49119e-01
-4.33634 1.49438e-01
-4.32432 1.50379e-01
-4.31231 1.52238e-01
-4.30030 1.54963e-01
-4.28829 1.58078e-01
-4.27628 1.60790e-01
-4.26426 1.62274e-01
-4.25225 1.61996e-01
-4.24024 1.60044e-01
-4.22823 1.56853e-01
-4.21622 1.62135e-01
-4.20420 1.57907e-01
-4.19219 1.50368e-01
-4.18018 1.51551e-01
-4.16817 1.53239e-01
-4.15616 1.54974e-01
-4.14414 1.55683e-01
-4.13213 1.55037e-01
-4.12012 1.53280e-01
-4.10811 1.50985e-01
-4.09610 1.48747e-01
-4.08408 1.47019e-01
-4.07207 1.46093e-01
-4.06006 1.46138e-01
-4.04805 1.47200e-01
-4.03604 1.49172e-01
-4.02402 1.51773e-01
-4.01201 1.54583e-01
-4.00000 1.57130e-01
-3.98799 1.59038e-01
-3.97598 1.60179e-01
-3.96396 1.60763e-01
-3.95195 1.61243e-01
-3.93994 1.62028e-01
-3.92793 1.63119e-01
-3.91592 1.63950e-01
-3.90390 1.63588e-01
-3.89189 1.61441e-01
-3.87988 1.58095e-01
-3.86787 1.55172e-01
-3.85586 1.57198e-01
-3.84384 1.64832e-01
-3.83183 1.66093e-01
-3.81982 1.62739e-01
-3.80781 1.64962e-01
-3.79580 1.72210e-01
-3.78378 1.80060e-01
-3.77177 1.82490e-01
-3.75976 1.79696e-01
-3.74775 1.78192e-01
-3.73574 1.80902e-01
-3.72372 1.85388e-01
-3.71171 1.89329e-01
-3.69970 1.92108e-01
-3.68769 1.93255e-01
-3.67568 1.92461e-01
-3.66366 1.90486e-01
-3.65165 1.89019e-01
-3.63964 1.89641e-01
-3.62763 1.92861e-01
-3.61562 1.97839e-01
-3.60360 2.02843e-01
-3.59159 2.06223e-01
-3.57958 2.07546e-01
-3.56757 2.08212e-01
-3.55556 2.10772e-01
-3.54354 2.16984e-01
-3.53153 2.26094e-01
-3.51952 2.35073e-01
-3.50751 2.40637e-01
-3.49550 2.41149e-01
-3.48348 2.37193e-01
-3.47147 2.30930e-01
-3.45946 2.25085e-01
-3.44745 2.24650e-01
-3.43544 2.36897e-01
-3.42342 2.62702e-01
-3.41141 3.00358e-01
-3.39940 3.01519e-01
-3.38739 3.01788e-01
-3.37538 2.72138e-01
-3.36336 2.97288e-01
-3.35135 2.55302e-01
-3.33934 2.33813e-01
-3.32733 2.11899e-01
-3.31532 1.97181e-01
-3.30330 1.94326e-01
-3.29129 1.95591e-01
-3.27928 1.93196e-01
-3.26727 1.86801e-01
-3.25526 1.78393e-01
-3.24324 1.69698e-01
-3.23123 1.62132e-01
-3.21922 1.56357e-01
-3.20721 1.52241e-01
-3.19520 1.49296e-01
-3.18318 1.47056e-01
-3.17117 1.45216e-01
-3.15916 1.43593e-01
-3.14715 1.42066e-01
-3.13514 1.40538e-01
-3.12312 1.38944e-01
-3.11111 1.37256e-01
-3.09910 1.35484e-01
-3.08709 1.33651e-01
-3.07508 1.31777e-01
-3.06306 1.29868e-01
-3.05105 1.27911e-01
-3.03904 1.25891e-01
-3.02703 1.23798e-01
-3.01502 1.21642e-01
-3.00300 1.19456e-01
-2.99099 1.17292e-01
-2.97898 1.15214e-01
-2.96697 1.13283e-01
-2.95495 1.11550e-01
-2.94294 1.10048e-01
-2.93093 1.08788e-01
-2.91892 1.07755e-01
-2.90691 1.06916e-01
-2.89489 1.06220e-01
-2.88288 1.05606e-01
-2.87087 1.05009e-01
-2.85886 1.04364e-01
-2.84685 1.03616e-01
-2.83483 1.02721e-01
-2.82282 1.01648e-01
-2.81081 1.00388e-01
-2.79880 9.89459e-02
-2.78679 9.73470e-02
-2.77477 9.56294e-02
-2.76276 9.38428e-02
-2.75075 9.20441e-02
-2.73874 9.02923e-02
-2.72673 8.86443e-02
-2.71471 8.71508e-02
-2.70270 8.58526e-02
-2.69069 8.47783e-02
-2.67868 8.39426e-02
-2.66667 8.33458e-02
-2.65465 8.29745e-02
-2.64264 8.28026e-02
-2.63063 8.27937e-02
-2.61862 8.29036e-02
-2.60661 8.30834e-02
-2.59459 8.32821e-02
-2.58258 8.34504e-02
-2.57057 8.35428e-02
-2.55856 8.35207e-02
-2.54655 8.33542e-02
-2.53453 8.30238e-02
-2.52252 8.25218e-02
-2.51051 8.18523e-02
-2.49850 8.10310e-02
-2.48649 8.00833e-02
-2.47447 7.90423e-02
-2.46246 7.79470e-02
-2.45045 7.68424e-02
-2.43844 7.57802e-02
-2.42643 7.48178e-02
-2.41441 7.40073e-02
-2.40240 7.33772e-02
-2.39039 7.29212e-02
-2.37838 7.26212e-02
-2.36637 7.24960e-02
-2.35435 7.26186e-02
-2.34234 7.30406e-02
-2.33033 7.36724e-02
-2.31832 7.42652e-02
-2.30631 7.45716e-02
-2.29429 7.45484e-02
-2.28228 7.43822e-02
-2.27027 7.43071e-02
-2.25826 7.44136e-02
-2.24625 7.46280e-02
-2.23423 7.48355e-02
-2.22222 7.49894e-02
-2.21021 7.51241e-02
-2.19820 7.53060e-02
-2.18619 7.55904e-02
-2.17417 7.60089e-02
-2.16216 7.65716e-02
-2.15015 7.72694e-02
-2.13814 7.80737e-02
-2.12613 7.89384e-02
-2.11411 7.98046e-02
-2.10210 8.06090e-02
-2.09009 8.12919e-02
-2.07808 8.18019e-02
-2.06607 8.20984e-02
-2.05405 8.21528e-02
-2.04204 8.19539e-02
-2.03003 8.15209e-02
-2.01802 8.09151e-02
-2.00601 8.02291e-02
-1.99399 7.95508e-02
-1.98198 7.89460e-02
-1.96997 7.84233e-02
-1.95796 7.78849e-02
-1.94595 7.75067e-02
-1.93393 7.59932e-02
-1.92192 7.42414e-02
-1.90991 7.25781e-02
-1.89790 7.08251e-02
-1.88589 6.90392e-02
-1.87387 6.73905e-02
-1.86186 6.60011e-02
-1.84985 6.48954e-02
-1.83784 6.40449e-02
-1.82583 6.34303e-02
-1.81381 6.30601e-02
-1.80180 6.29493e-02
-1.78979 6.31003e-02
-1.77778 6.35006e-02
-1.76577 6.41278e-02
-1.75375 6.49495e-02
-1.74174 6.60115e-02
-1.72973 6.71747e-02
-1.71772 6.82265e-02
-1.70571 6.93999e-02
-1.69369 7.06428e-02
-1.68168 7.18708e-02
-1.66967 7.30645e-02
-1.65766 7.42200e-02
-1.64565 7.53304e-02
-1.63363 7.63687e-02
-1.62162 7.71911e-02
-1.60961 7.77869e-02
-1.59760 7.81835e-02
-1.58559 7.84362e-02
-1.57357 7.85615e-02
-1.56156 7.85285e-02
-1.54955 7.83061e-02
-1.53754 7.78920e-02
-1.52553 7.73050e-02
-1.51351 7.65698e-02
-1.50150 7.57091e-02
-1.48949 7.47403e-02
-1.47748 7.36776e-02
-1.46547 7.25344e-02
-1.45345 7.13263e-02
-1.44144 7.00716e-02
-1.42943 6.87918e-02
-1.41742 6.75129e-02
-1.40541 6.62670e-02
-1.39339 6.50934e-02
-1.38138 6.40359e-02
-1.36937 6.31392e-02
-1.35736 6.24437e-02
-1.34535 6.19824e-02
-1.33333 6.17796e-02
-1.32132 6.18506e-02
-1.30931 6.22027e-02
-1.29730 6.28349e-02
-1.28529 6.37373e-02
-1.27327 6.48915e-02
-1.26126 6.62697e-02
-1.24925 6.78366e-02
-1.23724 6.95504e-02
-1.22523 7.13658e-02
-1.21321 7.32357e-02
-1.20120 7.51131e-02
-1.18919 7.69531e-02
-1.17718 7.87134e-02
-1.16517 8.03553e-02
-1.15315 8.18451e-02
-1.14114 8.31549e-02
-1.12913 8.42631e-02
-1.11712 8.51559e-02
-1.10511 8.58273e-02
-1.09309 8.62791e-02
-1.08108 8.65211e-02
-1.06907 8.65697e-02
-1.05706 8.64475e-02
-1.04505 8.61819e-02
-1.03303 8.58038e-02
-1.02102 8.53462e-02
-1.00901 8.48429e-02
-0.99700 8.43271e-02
-0.98498 8.38303e-02
-0.97297 8.33808e-02
-0.96096 8.30030e-02
-0.94895 8.27169e-02
-0.93694 8.25371e-02
-0.92492 8.24731e-02
-0.91291 8.25292e-02
-0.90090 8.27046e-02
-0.88889 8.29940e-02
-0.87688 8.33882e-02
-0.86486 8.38748e-02
-0.85285 8.44388e-02
-0.84084 8.50638e-02
-0.82883 8.57331e-02
-0.81682 8.64303e-02
-0.80480 8.71405e-02
-0.79279 8.78514e-02
-0.78078 8.85538e-02
-0.76877 8.92428e-02
-0.75676 8.99178e-02
-0.74474 9.05831e-02
-0.73273 9.12479e-02
-0.72072 9.19260e-02
-0.70871 9.26353e-02
-0.69670 9.33967e-02
-0.68468 9.42332e-02
-0.67267 9.51680e-02
-0.66066 9.62234e-02
-0.64865 9.74186e-02
-0.63664 9.87687e-02
-0.62462 1.00283e-01
-0.61261 1.01966e-01
-0.60060 1.03815e-01
-0.58859 1.05821e-01
-0.57658 1.07971e-01
-0.56456 1.10249e-01
-0.55255 1.12635e-01
-0.54054 1.15105e-01
-0.52853 1.17632e-01
-0.51652 1.20178e-01
-0.50450 1.22697e-01
-0.49249 1.25125e-01
-0.48048 1.27386e-01
-0.46847 1.29391e-01
-0.45646 1.31054e-01
-0.44444 1.32301e-01
-0.43243 1.33098e-01
-0.42042 1.33471e-01
-0.40841 1.33518e-01
-0.39640 1.33419e-01
-0.38438 1.33424e-01
-0.37237 1.33821e-01
-0.36036 1.34895e-01
-0.34835 1.36881e-01
-0.33634 1.39912e-01
-0.32432 1.43995e-01
-0.31231 1.48992e-01
-0.30030 1.54638e-01
-0.28829 1.60637e-01
-0.27628 1.66844e-01
-0.26426 1.73146e-01
-0.25225 1.78451e-01
-0.24024 1.80979e-01
-0.22823 1.85986e-01
-0.21622 2.05124e-01
-0.20420 2.26865e-01
-0.19219 2.25023e-01
-0.18018 2.09701e-01
-0.16817 2.05961e-01
-0.15616 2.14118e-01
-0.14414 2.24023e-01
-0.13213 2.31196e-01
-0.12012 2.35611e-01
-0.10811 2.36858e-01
-0.09610 2.33376e-01
-0.08408 2.26046e-01
-0.07207 2.19810e-01
-0.06006 2.19973e-01
-0.04805 2.26999e-01
-0.03604 2.35239e-01
-0.02402 2.44296e-01
-0.01201 2.54510e-01
0.00000 2.47257e-01
0.01201 2.26558e-01
0.02402 2.38645e-01
0.03604 2.27734e-01
0.04805 2.11972e-01
0.06006 1.99447e-01
0.07207 1.92271e-01
0.08408 1.86516e-01
0.09610 1.82289e-01
0.10811 1.79597e-01
0.12012 1.76864e-01
0.13213 1.73434e-01
0.14414 1.68718e-01
0.15616 1.63886e-01
0.16817 1.62391e-01
0.18018 1.64271e-01
0.19219 1.63549e-01
0.20420 1.58638e-01
0.21622 1.55770e-01
0.22823 1.51798e-01
0.24024 1.39362e-01
0.25225 1.29468e-01
0.26426 1.32088e-01
0.27628 1.35956e-01
0.28829 1.30693e-01
0.30030 1.21612e-01
0.31231 1.15653e-01
0.32432 1.12015e-01
0.33634 1.08816e-01
0.34835 1.07399e-01
0.36036 1.09548e-01
0.37237 1.15145e-01
0.38438 1.21880e-01
0.39640 1.25877e-01
0.40841 1.23302e-01
0.42042 1.12381e-01
0.43243 9.44851e-02
0.44444 7.35303e-02
0.45646 5.46905e-02
0.46847 1.65706e-01
0.48048 3.12438e-02
0.49249 2.71267e-02
0.50450 2.65714e-02
0.51652 2.73557e-02
0.52853 2.82546e-02
0.54054 2.86749e-02
0.55255 2.84754e-02
0.56456 2.77601e-02
0.57658 2.67279e-02
0.58859 2.55811e-02
0.60060 2.44751e-02
0.61261 2.35004e-02
0.62462 2.26871e-02
0.63664 2.20235e-02
0.64865 2.14767e-02
0.66066 2.10094e-02
0.67267 2.05903e-02
0.68468 2.01973e-02
0.69670 1.98175e-02
0.70871 1.94458e-02
0.72072 1.90815e-02
0.73273 1.87274e-02
0.74474 1.83873e-02
0.75676 1.80660e-02
0.76877 1.77680e-02
0.78078 1.74977e-02
0.79279 1.72588e-02
0.80480 1.70546e-02
0.81682 1.68876e-02
0.82883 1.67594e-02
0.84084 1.66713e-02
0.85285 1.66237e-02
0.86486 1.66165e-02
0.87688 1.66491e-02
0.88889 1.67203e-02
0.90090 1.68285e-02
0.91291 1.69715e-02
0.92492 1.71470e-02
0.93694 1.73521e-02
0.94895 1.75837e-02
0.96096 1.78383e-02
0.97297 1.81123e-02
0.98498 1.84018e-02
0.99700 1.87029e-02
1.00901 1.90115e-02
1.02102 1.93234e-02
1.03303 1.96346e-02
1.04505 1.99410e-02
1.05706 2.02385e-02
1.06907 2.05235e-02
1.08108 2.07922e-02
1.09309 2.10412e-02
1.10511 2.12675e-02
1.11712 2.14682e-02
1.12913 2.16407e-02
1.14114 2.17830e-02
1.15315 2.18933e-02
1.16517 2.19703e-02
1.17718 2.20128e-02
1.18919 2.20205e-02
1.20120 2.19932e-02
1.21321 2.19311e-02
1.22523 2.18350e-02
1.23724 2.17059e-02
1.24925 2.15452e-02
1.26126 2.13547e-02
1.27327 2.11366e-02
1.28529 2.08932e-02
1.29730 2.06272e-02
1.30931 2.03415e-02
1.32132 2.00391e-02
1.33333 1.97234e-02
1.34535 1.93975e-02
1.35736 1.90650e-02
1.36937 1.87292e-02
1.38138 1.83935e-02
1.39339 1.80612e-02
1.40541 1.77357e-02
1.41742 1.74199e-02
1.42943 1.71169e-02
1.44144 1.68294e-02
1.45345 1.65597e-02
1.46547 1.63102e-02
1.47748 1.60828e-02
1.48949 1.58791e-02
1.50150 1.57004e-02
1.51351 1.55477e-02
1.52553 1.54216e-02
1.53754 1.53224e-02
1.54955 1.52501e-02
1.56156 1.52043e-02
1.57357 1.51842e-02
1.58559 1.51890e-02
1.59760 1.52173e-02
1.60961 1.52674e-02
1.62162 1.53378e-02
1.63363 1.54262e-02
1.64565 1.55306e-02
1.65766 1.56485e-02
1.66967 1.57775e-02
1.68168 1.59151e-02
1.69369 1.60586e-02
1.70571 1.62054e-02
1.71772 1.63530e-02
1.72973 1.64988e-02
1.74174 1.66404e-02
1.75375 1.67754e-02
1.76577 1.69017e-02
1.77778 1.70172e-02
1.78979 1.71201e-02
1.80180 1.72089e-02
1.81381 1.72821e-02
1.82583 1.73387e-02
1.83784 1.73778e-02
1.84985 1.73988e-02
1.86186 1.74014e-02
1.87387 1.73855e-02
1.88589 1.73513e-02
1.89790 1.72992e-02
1.90991 1.72299e-02
1.92192 1.71443e-02
1.93393 1.70434e-02
1.94595 1.69285e-02
1.95796 1.68012e-02
1.96997 1.66628e-02
1.98198 1.65152e-02
1.99399 1.63600e-02
2.00601 1.61991e-02
2.01802 1.60343e-02
2.03003 1.58674e-02
2.04204 1.57002e-02
2.05405 1.55346e-02
2.06607 1.53721e-02
2.07808 1.52144e-02
2.09009 1.50629e-02
2.10210 1.49190e-02
2.11411 1.47837e-02
2.12613 1.46582e-02
2.13814 1.45432e-02
2.15015 1.44393e-02
2.16216 1.43470e-02
2.17417 1.42667e-02
2.18619 1.41982e-02
2.19820 1.41416e-02
2.21021 1.40965e-02
2.22222 1.40624e-02
2.23423 1.40388e-02
2.24625 1.40248e-02
2.25826 1.40196e-02
2.27027 1.40221e-02
2.28228 1.40312e-02
2.29429 1.40457e-02
2.30631 1.40645e-02
2.31832 1.40861e-02
2.33033 1.41093e-02
2.34234 1.41328e-02
2.35435 1.41554e-02
2.36637 1.41757e-02
2.37838 1.41926e-02
2.39039 1.42050e-02
2.40240 1.42119e-02
2.41441 1.42124e-02
2.42643 1.42056e-02
2.43844 1.41908e-02
2.45045 1.41676e-02
2.46246 1.41354e-02
2.47447 1.40939e-02
2.48649 1.40431e-02
2.49850 1.39829e-02
2.51051 1.39133e-02
2.52252 1.38348e-02
2.53453 1.37475e-02
2.54655 1.36520e-02
2.55856 1.35488e-02
2.57057 1.34387e-02
2.58258 1.33224e-02
2.59459 1.32007e-02
2.60661 1.30746e-02
2.61862 1.29448e-02
2.63063 1.28125e-02
2.64264 1.26786e-02
2.65465 1.25440e-02
2.66667 1.24098e-02
2.67868 1.22769e-02
2.69069 1.21462e-02
2.70270 1.20186e-02
2.71471 1.18949e-02
2.72673 1.17759e-02
2.73874 1.16622e-02
2.75075 1.15545e-02
2.76276 1.14533e-02
2.77477 1.13590e-02
2.78679 1.12719e-02
2.79880 1.11923e-02
2.81081 1.11203e-02
2.82282 1.10561e-02
2.83483 1.09995e-02
2.84685 1.09505e-02
2.85886 1.09089e-02
2.87087 1.08743e-02
2.88288 1.08465e-02
2.89489 1.08249e-02
2.90691 1.08092e-02
2.91892 1.07987e-02
2.93093 1.07930e-02
2.94294 1.07914e-02
2.95495 1.07933e-02
2.96697 1.07979e-02
2.97898 1.08048e-02
2.99099 1.08131e-02
3.00300 1.08223e-02
3.01502 1.08316e-02
3.02703 1.08405e-02
3.03904 1.08484e-02
3.05105 1.08546e-02
3.06306 1.08587e-02
3.07508 1.08603e-02
3.08709 1.08587e-02
3.09910 1.08538e-02
3.11111 1.08450e-02
3.12312 1.08323e-02
3.13514 1.08152e-02
3.14715 1.07938e-02
3.15916 1.07678e-02
3.17117 1.07372e-02
3.18318 1.07020e-02
3.19520 1.06623e-02
3.20721 1.06182e-02
3.21922 1.05698e-02
3.23123 1.05172e-02
3.24324 1.04609e-02
3.25526 1.04009e-02
3.26727 1.03377e-02
3.27928 1.02714e-02
3.29129 1.02025e-02
3.30330 1.01314e-02
3.31532 1.00583e-02
3.32733 9.98373e-03
3.33934 9.90800e-03
3.35135 9.83151e-03
3.36336 9.75463e-03
3.37538 9.67772e-03
3.38739 9.60115e-03
3.39940 9.52525e-03
3.41141 9.45034e-03
3.42342 9.37671e-03
3.43544 9.30464e-03
3.44745 9.23436e-03
3.45946 9.16611e-03
3.47147 9.10007e-03
3.48348 9.03640e-03
3.49550 8.97522e-03
3.50751 8.91665e-03
3.51952 8.86074e-03
3.53153 8.80754e-03
3.54354 8.75707e-03
3.55556 8.70930e-03
3.56757 8.66419e-03
3.57958 8.62168e-03
3.59159 8.58169e-03
3.60360 8.54410e-03
3.61562 8.50879e-03
3.62763 8.47561e-03
3.63964 8.44442e-03
3.65165 8.41504e-03
3.66366 8.38730e-03
3.67568 8.36102e-03
3.68769 8.33602e-03
3.69970 8.31210e-03
3.71171 8.28909e-03
3.72372 8.26679e-03
3.73574 8.24503e-03
3.74775 8.22364e-03
3.75976 8.20246e-03
3.77177 8.18132e-03
3.78378 8.16010e-03
3.79580 8.13865e-03
3.80781 8.11686e-03
3.81982 8.09463e-03
3.83183 8.07187e-03
3.84384 8.04851e-03
3.85586 8.02448e-03
3.86787 7.99975e-03
3.87988 7.97428e-03
3.89189 7.94806e-03
3.90390 7.92109e-03
3.91592 7.89338e-03
3.92793 7.86497e-03
3.93994 7.83587e-03
3.95195 7.80615e-03
3.96396 7.77586e-03
3.97598 7.74506e-03
3.98799 7.71382e-03
4.00000 7.68223e-03
