0.50000 3.65981e-07
0.51904 -5.80400e-07
0.53808 -1.08732e-06
0.55711 1.84187e-06
0.57615 -1.92992e-06
0.59519 -2.05011e-06
0.61423 -6.43989e-08
0.63327 1.57362e-06
0.65230 -4.56911e-07
0.67134 7.14126e-07
0.69038 1.93863e-06
0.70942 -2.91017e-07
0.72846 -9.60205e-07
0.74749 2.74967e-06
0.76653 8.39601e-07
0.78557 5.71260e-06
0.80461 5.42196e-06
0.82365 1.76189e-05
0.84269 7.83394e-06
0.86172 6.66070e-06
0.88076 -2.34250e-06
0.89980 -2.56732e-06
0.91884 3.59642e-06
0.93788 5.46015e-06
0.95691 -8.69329e-07
0.97595 -2.52636e-06
0.99499 1.86035e-06
1.01403 4.47293e-06
1.03307 5.18732e-06
1.05210 1.43980e-05
1.07114 2.42255e-05
1.09018 2.86539e-05
1.10922 1.70402e-05
1.12826 -7.30467e-07
1.14729 4.89342e-06
1.16633 1.66856e-05
1.18537 2.92783e-05
1.20441 5.45662e-05
1.22345 1.26125e-05
1.24248 2.08548e-05
1.26152 1.37664e-05
1.28056 2.70016e-05
1.29960 4.03943e-06
1.31864 8.72124e-06
1.33768 4.34176e-05
1.35671 2.02288e-05
1.37575 2.42500e-05
1.39479 4.09249e-05
1.41383 4.84276e-05
1.43287 2.76907e-05
1.45190 3.93022e-05
1.47094 5.55181e-05
1.48998 1.74650e-05
1.50902 7.64755e-05
1.52806 9.08476e-05
1.54709 8.19916e-05
1.56613 2.79923e-05
1.58517 9.25740e-06
1.60421 3.60042e-05
1.62325 1.98782e-05
1.64228 6.90673e-05
1.66132 6.95242e-05
1.68036 4.64645e-05
1.69940 7.45490e-05
1.71844 1.17797e-04
1.73747 6.08075e-05
1.75651 1.17052e-04
1.77555 6.96672e-05
1.79459 4.57890e-05
1.81363 1.23103e-04
1.83267 4.76111e-05
1.85170 5.65209e-05
1.87074 1.41895e-04
1.88978 6.64113e-05
1.90882 1.11229e-04
1.92786 2.87646e-05
1.94689 6.46771e-05
1.96593 3.91139e-05
1.98497 7.01962e-05
2.00401 1.66947e-04
2.02305 1.02793e-04
2.04208 8.09855e-05
2.06112 4.06296e-05
2.08016 6.50156e-05
2.09920 5.67767e-05
2.11824 4.82070e-05
2.13727 2.30599e-04
2.15631 1.47963e-04
2.17535 2.94917e-04
2.19439 7.03692e-05
2.21343 8.60530e-05
2.23246 2.56034e-05
2.25150 2.33993e-05
2.27054 5.66383e-05
2.28958 1.64785e-04
2.30862 9.40991e-05
2.32766 1.35190e-04
2.34669 2.13713e-04
2.36573 1.13177e-04
2.38477 1.00991e-04
2.40381 7.34729e-05
2.42285 1.02558e-04
2.44188 2.82948e-04
2.46092 7.14253e-05
2.47996 2.57666e-04
2.49900 1.28743e-04
2.51804 4.62804e-04
2.53707 1.66564e-04
2.55611 1.37568e-04
2.57515 1.49657e-04
2.59419 3.55830e-04
2.61323 2.01954e-04
2.63226 1.34802e-04
2.65130 2.99616e-04
2.67034 1.73522e-04
2.68938 3.47520e-04
2.70842 1.10507e-04
2.72745 2.09633e-04
2.74649 2.34511e-04
2.76553 3.68468e-04
2.78457 2.87315e-04
2.80361 3.89927e-04
2.82265 7.10539e-05
2.84168 1.05183e-04
2.86072 3.23614e-04
2.87976 4.46796e-04
2.89880 4.32131e-04
2.91784 2.67346e-04
2.93687 2.96483e-04
2.95591 3.82677e-04
2.97495 4.12403e-04
2.99399 7.46387e-04
3.01303 5.52585e-04
3.03206 3.49955e-04
3.05110 8.75042e-04
3.07014 5.06306e-04
3.08918 3.32355e-04
3.10822 3.75605e-04
3.12725 5.73079e-04
3.14629 6.25062e-04
3.16533 5.66624e-04
3.18437 6.14365e-04
3.20341 7.29979e-04
3.22244 4.99819e-04
3.24148 6.28815e-04
3.26052 4.89007e-04
3.27956 4.28850e-04
3.29860 9.41206e-04
3.31764 4.34575e-04
3.33667 3.14489e-04
3.35571 6.80008e-04
3.37475 5.64485e-04
3.39379 5.03136e-04
3.41283 3.21761e-04
3.43186 8.12829e-04
3.45090 9.95871e-04
3.46994 2.67411e-04
3.48898 6.97611e-04
3.50802 9.74290e-04
3.52705 1.19105e-03
3.54609 1.46470e-03
3.56513 3.58599e-04
3.58417 5.63603e-04
3.60321 1.37286e-04
3.62224 1.35032e-04
3.64128 3.31241e-04
3.66032 4.74421e-04
3.67936 1.02069e-03
3.69840 1.24440e-03
3.71743 5.59008e-04
3.73647 2.94625e-04
3.75551 4.56300e-04
3.77455 5.43717e-04
3.79359 4.73297e-04
3.81263 8.21645e-04
3.83166 7.20313e-04
3.85070 1.25922e-03
3.86974 9.66420e-04
3.88878 1.48779e-03
3.90782 1.36696e-03
3.92685 1.42931e-03
3.94589 8.92390e-04
3.96493 1.02752e-03
3.98397 4.87613e-04
4.00301 6.08047e-04
4.02204 9.65249e-04
4.04108 4.77277e-04
4.06012 8.70107e-04
4.07916 3.66083e-04
4.09820 6.53523e-04
4.11723 2.86042e-04
4.13627 1.08745e-03
4.15531 7.92950e-04
4.17435 6.94005e-04
4.19339 3.36980e-04
4.21242 2.22234e-04
4.23146 4.37747e-04
4.25050 6.24121e-04
4.26954 4.07593e-04
4.28858 3.89727e-04
4.30762 1.16405e-03
4.32665 3.85181e-04
4.34569 4.55171e-04
4.36473 8.08756e-04
4.38377 1.08644e-03
4.40281 7.27452e-04
4.42184 8.12831e-04
4.44088 5.92060e-04
4.45992 6.95159e-04
4.47896 4.74458e-04
4.49800 8.01575e-04
4.51703 8.11827e-04
4.53607 8.49459e-04
4.55511 1.18236e-03
4.57415 5.10123e-04
4.59319 4.69142e-04
4.61222 3.44198e-04
4.63126 6.02937e-04
4.65030 7.24294e-04
4.66934 6.34285e-04
4.68838 1.24191e-03
4.70741 1.26695e-03
4.72645 1.00703e-03
4.74549 1.50158e-03
4.76453 6.23288e-04
4.78357 5.24575e-04
4.80261 1.02787e-03
4.82164 2.94323e-04
4.84068 4.14839e-04
4.85972 3.58709e-04
4.87876 1.74700e-03
4.89780 1.02545e-03
4.91683 5.40921e-04
4.93587 6.77284e-04
4.95491 7.63329e-04
4.97395 1.72628e-03
4.99299 1.88668e-03
5.01202 1.68269e-03
5.03106 1.40017e-03
5.05010 9.87913e-04
5.06914 1.08975e-03
5.08818 1.68493e-03
5.10721 1.22182e-03
5.12625 6.78154e-04
5.14529 1.60078e-03
5.16433 1.44751e-03
5.18337 7.98010e-04
5.20240 8.69175e-04
5.22144 9.82137e-04
5.24048 1.39304e-03
5.25952 1.65912e-03
5.27856 1.44861e-03
5.29760 1.77927e-03
5.31663 1.60498e-03
5.33567 1.45947e-03
5.35471 9.63907e-04
5.37375 1.05699e-03
5.39279 1.77903e-03
5.41182 1.20132e-03
5.43086 6.48245e-04
5.44990 9.70943e-04
5.46894 8.59617e-04
5.48798 1.74498e-03
5.50701 2.61423e-03
5.52605 1.71823e-03
5.54509 1.20311e-03
5.56413 1.44473e-03
5.58317 1.25996e-03
5.60220 6.17504e-04
5.62124 8.22393e-04
5.64028 1.27208e-03
5.65932 1.32923e-03
5.67836 1.65040e-03
5.69739 9.81842e-04
5.71643 4.21954e-04
5.73547 9.27038e-04
5.75451 1.97528e-03
5.77355 1.10813e-03
5.79259 1.37136e-03
5.81162 9.19098e-04
5.83066 1.63775e-03
5.84970 1.29906e-03
5.86874 2.52179e-03
5.88778 1.69979e-03
5.90681 1.73313e-03
5.92585 1.86948e-03
5.94489 1.08470e-03
5.96393 4.12110e-03
5.98297 1.45953e-03
6.00200 2.29208e-03
6.02104 6.42425e-04
6.04008 6.73926e-04
6.05912 9.29448e-04
6.07816 1.41039e-03
6.09719 1.68967e-03
6.11623 3.83791e-03
6.13527 1.07456e-03
6.15431 2.33203e-03
6.17335 1.78862e-03
6.19238 1.09866e-03
6.21142 1.88106e-03
6.23046 1.91885e-03
6.24950 1.44421e-03
6.26854 1.00092e-03
6.28758 1.05303e-03
6.30661 1.57807e-03
6.32565 1.36465e-03
6.34469 2.34680e-03
6.36373 1.28979e-03
6.38277 1.99298e-03
6.40180 1.55649e-03
6.42084 2.17592e-03
6.43988 1.56584e-03
6.45892 2.45315e-03
6.47796 1.32195e-03
6.49699 2.33039e-03
6.51603 9.50249e-04
6.53507 2.04834e-03
6.55411 4.09651e-03
6.57315 3.03004e-03
6.59218 3.00568e-03
6.61122 2.43517e-03
6.63026 9.40661e-04
6.64930 2.34636e-03
6.66834 2.16018e-03
6.68737 1.86756e-03
6.70641 3.30492e-03
6.72545 2.47847e-03
6.74449 1.49153e-03
6.76353 2.27707e-03
6.78257 1.05872e-03
6.80160 9.77995e-04
6.82064 2.55545e-03
6.83968 2.00664e-03
6.85872 2.69271e-03
6.87776 1.01387e-03
6.89679 1.58864e-03
6.91583 3.74408e-03
6.93487 6.24388e-03
6.95391 6.13939e-03
6.97295 4.34097e-03
6.99198 2.94530e-03
7.01102 7.83351e-03
7.03006 3.07652e-03
7.04910 4.13718e-03
7.06814 4.25336e-03
7.08717 3.77774e-03
7.10621 3.29975e-03
7.12525 4.97467e-03
7.14429 3.91833e-03
7.16333 7.09184e-03
7.18236 3.26280e-03
7.20140 3.52934e-03
7.22044 6.21350e-03
7.23948 5.41238e-03
7.25852 4.96007e-03
7.27756 4.74901e-03
7.29659 8.29351e-03
7.31563 3.65427e-03
7.33467 3.92587e-03
7.35371 3.86849e-03
7.37275 6.57728e-03
7.39178 5.97686e-03
7.41082 7.94825e-03
7.42986 2.87036e-03
7.44890 4.61194e-03
7.46794 2.91904e-03
7.48697 2.89510e-03
7.50601 1.61330e-03
7.52505 3.18725e-03
7.54409 4.96300e-03
7.56313 6.03635e-03
7.58216 4.57457e-03
7.60120 4.83521e-03
7.62024 5.58333e-03
7.63928 2.77468e-03
7.65832 2.69211e-03
7.67735 7.04612e-03
7.69639 5.26476e-03
7.71543 1.09039e-02
7.73447 1.14792e-02
7.75351 4.16862e-03
7.77255 5.63348e-03
7.79158 5.90034e-03
7.81062 1.02342e-02
7.82966 8.34692e-03
7.84870 3.58512e-03
7.86774 4.98091e-03
7.88677 6.37892e-03
7.90581 5.16818e-03
7.92485 3.88002e-03
7.94389 4.61520e-03
7.96293 4.01359e-03
7.98196 8.99039e-03
8.00100 8.28633e-03
8.02004 8.21874e-03
8.03908 7.28823e-03
8.05812 3.79675e-03
8.07715 4.35685e-03
8.09619 6.00032e-03
8.11523 5.39100e-03
8.13427 2.12603e-03
8.15331 2.33755e-03
8.17234 7.04439e-03
8.19138 6.21620e-03
8.21042 4.27642e-03
8.22946 6.50081e-03
8.24850 8.71008e-03
8.26754 1.27095e-02
8.28657 7.04411e-03
8.30561 7.75192e-03
8.32465 8.21660e-03
8.34369 3.68812e-03
8.36273 5.28868e-03
8.38176 5.59478e-03
8.40080 6.18617e-03
8.41984 6.08742e-03
8.43888 6.05814e-03
8.45792 1.30365e-02
8.47695 5.27385e-03
8.49599 4.46542e-03
8.51503 8.01883e-03
8.53407 6.31129e-03
8.55311 3.09522e-03
8.57214 7.56676e-03
8.59118 1.13589e-02
8.61022 1.25343e-02
8.62926 6.97435e-03
8.64830 9.03617e-03
8.66733 1.31080e-02
8.68637 8.83638e-03
8.70541 6.15092e-03
8.72445 3.91830e-03
8.74349 4.36649e-03
8.76253 5.39706e-03
8.78156 3.90504e-03
8.80060 8.75907e-03
8.81964 6.41428e-03
8.83868 9.92332e-03
8.85772 8.43707e-03
8.87675 1.06586e-02
8.89579 1.17819e-02
8.91483 1.34795e-02
8.93387 7.22274e-03
8.95291 7.26057e-03
8.97194 7.28305e-03
8.99098 1.34007e-02
9.01002 6.56291e-03
9.02906 1.12571e-02
9.04810 5.74141e-03
9.06713 4.04244e-03
9.08617 7.31643e-03
9.10521 6.69783e-03
9.12425 1.15375e-02
9.14329 2.33892e-02
9.16232 6.77001e-03
9.18136 2.73549e-03
9.20040 6.51253e-03
9.21944 4.46372e-03
9.23848 1.31090e-02
9.25752 8.29323e-03
9.27655 5.71616e-03
9.29559 4.90351e-03
9.31463 2.63965e-03
9.33367 1.83986e-02
9.35271 1.17341e-02
9.37174 3.23435e-03
9.39078 4.90716e-03
9.40982 4.17552e-03
9.42886 5.16146e-03
9.44790 1.36803e-02
9.46693 7.34181e-03
9.48597 5.17010e-03
9.50501 7.42248e-03
9.52405 1.17797e-02
9.54309 9.59192e-03
9.56212 1.47569e-02
9.58116 4.10718e-03
9.60020 1.43089e-02
9.61924 1.26898e-02
9.63828 8.51685e-03
9.65731 3.18326e-03
9.67635 5.99035e-03
9.69539 1.69628e-02
9.71443 1.07429e-02
9.73347 4.04865e-03
9.75251 5.88927e-03
9.77154 4.11941e-03
9.79058 8.59581e-03
9.80962 1.91450e-02
9.82866 4.99129e-03
9.84770 3.43134e-03
9.86673 3.42991e-03
9.88577 3.45776e-03
9.90481 2.07111e-02
9.92385 6.24630e-03
9.94289 6.51116e-03
9.96192 9.07114e-03
9.98096 8.95817e-03
10.00000 2.44194e-03
