0.50000 8.62546e+03
0.51904 7.95215e+03
0.53808 7.33728e+03
0.55711 6.80542e+03
0.57615 6.35340e+03
0.59519 6.01315e+03
0.61423 5.71009e+03
0.63327 5.27669e+03
0.65230 5.00344e+03
0.67134 4.63291e+03
0.69038 4.41801e+03
0.70942 4.24900e+03
0.72846 3.98825e+03
0.74749 3.83562e+03
0.76653 3.64093e+03
0.78557 3.50604e+03
0.80461 3.32707e+03
0.82365 3.16915e+03
0.84269 2.89199e+03
0.86172 2.72888e+03
0.88076 2.67440e+03
0.89980 2.60248e+03
0.91884 2.50351e+03
0.93788 2.37120e+03
0.95691 2.30424e+03
0.97595 2.24086e+03
0.99499 2.15500e+03
1.01403 2.11125e+03
1.03307 2.00884e+03
1.05210 2.01854e+03
1.07114 1.84707e+03
1.09018 1.76652e+03
1.10922 1.67023e+03
1.12826 1.65553e+03
1.14729 1.64300e+03
1.16633 1.59828e+03
1.18537 1.58479e+03
1.20441 1.40907e+03
1.22345 1.41075e+03
1.24248 1.34204e+03
1.26152 1.31405e+03
1.28056 1.27327e+03
1.29960 1.24195e+03
1.31864 1.23917e+03
1.33768 1.19013e+03
1.35671 1.15700e+03
1.37575 1.16066e+03
1.39479 1.10913e+03
1.41383 1.04668e+03
1.43287 1.01134e+03
1.45190 9.82214e+02
1.47094 9.67612e+02
1.48998 9.62958e+02
1.50902 9.62699e+02
1.52806 9.02825e+02
1.54709 8.32749e+02
1.56613 8.37006e+02
1.58517 8.33792e+02
1.60421 8.24856e+02
1.62325 8.17209e+02
1.64228 8.17348e+02
1.66132 7.68905e+02
1.68036 7.54441e+02
1.69940 7.39316e+02
1.71844 7.15491e+02
1.73747 6.93570e+02
1.75651 6.46760e+02
1.77555 6.51245e+02
1.79459 6.49760e+02
1.81363 6.55111e+02
1.83267 6.03758e+02
1.85170 6.14958e+02
1.87074 5.75835e+02
1.88978 5.84722e+02
1.90882 5.74818e+02
1.92786 5.49951e+02
1.94689 5.51195e+02
1.96593 5.40601e+02
1.98497 5.56522e+02
2.00401 5.15346e+02
2.02305 5.02916e+02
2.04208 4.96828e+02
2.06112 4.81260e+02
2.08016 4.81504e+02
2.09920 4.85279e+02
2.11824 4.80998e+02
2.13727 4.53687e+02
2.15631 4.59136e+02
2.17535 4.21595e+02
2.19439 4.13978e+02
2.21343 4.11176e+02
2.23246 4.13602e+02
2.25150 4.18153e+02
2.27054 4.22566e+02
2.28958 4.08552e+02
2.30862 3.87062e+02
2.32766 3.99853e+02
2.34669 3.66960e+02
2.36573 3.68373e+02
2.38477 3.68830e+02
2.40381 3.67443e+02
2.42285 3.60403e+02
2.44188 3.63891e+02
2.46092 3.48116e+02
2.47996 3.38981e+02
2.49900 3.49273e+02
2.51804 3.16277e+02
2.53707 3.22930e+02
2.55611 3.22126e+02
2.57515 3.21482e+02
2.59419 3.09410e+02
2.61323 3.05987e+02
2.63226 2.98528e+02
2.65130 2.97820e+02
2.67034 2.95403e+02
2.68938 2.83974e+02
2.70842 2.88354e+02
2.72745 2.98796e+02
2.74649 2.82248e+02
2.76553 2.79532e+02
2.78457 2.61783e+02
2.80361 2.49216e+02
2.82265 2.63332e+02
2.84168 2.71190e+02
2.86072 2.79853e+02
2.87976 2.46836e+02
2.89880 2.53946e+02
2.91784 2.52476e+02
2.93687 2.41896e+02
2.95591 2.52540e+02
2.97495 2.40230e+02
2.99399 2.35704e+02
3.01303 2.29800e+02
3.03206 2.34351e+02
3.05110 2.10643e+02
3.07014 2.22314e+02
3.08918 2.11124e+02
3.10822 2.09936e+02
3.12725 2.10667e+02
3.14629 2.06440e+02
3.16533 2.01716e+02
3.18437 2.04338e+02
3.20341 1.93280e+02
3.22244 1.92045e+02
3.24148 1.86693e+02
3.26052 1.87547e+02
3.27956 2.02121e+02
3.29860 1.74065e+02
3.31764 1.74800e+02
3.33667 1.86742e+02
3.35571 1.74666e+02
3.37475 1.82726e+02
3.39379 1.69186e+02
3.41283 1.82972e+02
3.43186 1.73388e+02
3.45090 1.60794e+02
3.46994 1.69755e+02
3.48898 1.77883e+02
3.50802 1.63261e+02
3.52705 1.67964e+02
3.54609 1.38450e+02
3.56513 1.47647e+02
3.58417 1.41370e+02
3.60321 1.50580e+02
3.62224 1.53186e+02
3.64128 1.58696e+02
3.66032 1.60298e+02
3.67936 1.53261e+02
3.69840 1.38907e+02
3.71743 1.35201e+02
3.73647 1.42898e+02
3.75551 1.50012e+02
3.77455 1.45238e+02
3.79359 1.43685e+02
3.81263 1.40006e+02
3.83166 1.45109e+02
3.85070 1.30110e+02
3.86974 1.41351e+02
3.88878 1.23857e+02
3.90782 1.34401e+02
3.92685 1.15518e+02
3.94589 1.16247e+02
3.96493 1.24643e+02
3.98397 1.15821e+02
4.00301 1.22173e+02
4.02204 1.12999e+02
4.04108 1.16770e+02
4.06012 1.15767e+02
4.07916 1.14733e+02
4.09820 1.14215e+02
4.11723 1.18146e+02
4.13627 1.21183e+02
4.15531 1.11464e+02
4.17435 1.11921e+02
4.19339 1.06348e+02
4.21242 1.11652e+02
4.23146 1.08914e+02
4.25050 1.08592e+02
4.26954 1.11595e+02
4.28858 1.09524e+02
4.30762 1.05756e+02
4.32665 1.05219e+02
4.34569 1.05719e+02
4.36473 1.10781e+02
4.38377 1.01359e+02
4.40281 1.02233e+02
4.42184 1.00210e+02
4.44088 1.00392e+02
4.45992 9.96037e+01
4.47896 1.01701e+02
4.49800 9.55203e+01
4.51703 9.95754e+01
4.53607 9.96078e+01
4.55511 9.10709e+01
4.57415 9.38864e+01
4.59319 9.15301e+01
4.61222 9.63372e+01
4.63126 9.78801e+01
4.65030 9.36849e+01
4.66934 9.19234e+01
4.68838 9.43630e+01
4.70741 8.73361e+01
4.72645 9.23238e+01
4.74549 7.69814e+01
4.76453 8.40781e+01
4.78357 8.80105e+01
4.80261 8.43023e+01
4.82164 8.59084e+01
4.84068 8.61474e+01
4.85972 8.86495e+01
4.87876 8.53631e+01
4.89780 8.15753e+01
4.91683 8.44976e+01
4.93587 8.61549e+01
4.95491 8.51995e+01
4.97395 8.73840e+01
4.99299 7.46063e+01
5.01202 8.13498e+01
5.03106 7.63784e+01
5.05010 7.46964e+01
5.06914 7.70114e+01
5.08818 7.45929e+01
5.10721 7.39952e+01
5.12625 7.56301e+01
5.14529 7.56751e+01
5.16433 7.07449e+01
5.18337 7.32506e+01
5.20240 7.53622e+01
5.22144 7.60661e+01
5.24048 7.68763e+01
5.25952 7.58766e+01
5.27856 7.10300e+01
5.29760 6.85121e+01
5.31663 6.76386e+01
5.33567 6.54683e+01
5.35471 6.77575e+01
5.37375 6.89675e+01
5.39279 6.51248e+01
5.41182 6.65947e+01
5.43086 6.78711e+01
5.44990 6.92267e+01
5.46894 6.76743e+01
5.48798 6.73838e+01
5.50701 6.24573e+01
5.52605 6.32151e+01
5.54509 6.20044e+01
5.56413 6.26705e+01
5.58317 6.26384e+01
5.60220 6.27830e+01
5.62124 6.37523e+01
5.64028 6.55394e+01
5.65932 6.03135e+01
5.67836 5.85761e+01
5.69739 5.96309e+01
5.71643 6.17758e+01
5.73547 6.47617e+01
5.75451 6.16530e+01
5.77355 6.00433e+01
5.79259 5.89329e+01
5.81162 6.08242e+01
5.83066 6.09374e+01
5.84970 6.06373e+01
5.86874 6.00761e+01
5.88778 5.90890e+01
5.90681 5.71019e+01
5.92585 5.46957e+01
5.94489 5.85790e+01
5.96393 5.46248e+01
5.98297 5.34282e+01
6.00200 5.34938e+01
6.02104 5.42643e+01
6.04008 5.51857e+01
6.05912 5.48317e+01
6.07816 5.72594e+01
6.09719 5.66317e+01
6.11623 5.02218e+01
6.13527 5.24426e+01
6.15431 5.17837e+01
6.17335 5.17499e+01
6.19238 5.27402e+01
6.21142 5.30541e+01
6.23046 4.92715e+01
6.24950 5.16665e+01
6.26854 5.06025e+01
6.28758 5.15938e+01
6.30661 5.40628e+01
6.32565 5.20225e+01
6.34469 5.10713e+01
6.36373 4.99119e+01
6.38277 5.13541e+01
6.40180 5.08323e+01
6.42084 4.68561e+01
6.43988 4.94976e+01
6.45892 4.86351e+01
6.47796 4.95535e+01
6.49699 4.72693e+01
6.51603 4.95853e+01
6.53507 5.24749e+01
6.55411 4.78617e+01
6.57315 4.54214e+01
6.59218 4.84350e+01
6.61122 4.22778e+01
6.63026 4.68817e+01
6.64930 4.67268e+01
6.66834 4.52946e+01
6.68737 4.73593e+01
6.70641 4.39478e+01
6.72545 4.41916e+01
6.74449 4.44782e+01
6.76353 4.65384e+01
6.78257 4.39054e+01
6.80160 4.66813e+01
6.82064 4.71228e+01
6.83968 4.76877e+01
6.85872 4.27727e+01
6.87776 4.56948e+01
6.89679 5.00871e+01
6.91583 4.89522e+01
6.93487 4.48992e+01
6.95391 4.31529e+01
6.97295 4.19231e+01
6.99198 4.18668e+01
7.01102 3.74793e+01
7.03006 4.05580e+01
7.04910 4.38122e+01
7.06814 3.94708e+01
7.08717 3.90804e+01
7.10621 4.08598e+01
7.12525 3.74396e+01
7.14429 3.99360e+01
7.16333 3.62341e+01
7.18236 4.06801e+01
7.20140 4.20234e+01
7.22044 3.93716e+01
7.23948 3.80194e+01
7.25852 3.48408e+01
7.27756 3.58546e+01
7.29659 3.35387e+01
7.31563 3.51090e+01
7.33467 3.67731e+01
7.35371 3.89651e+01
7.37275 3.34205e+01
7.39178 3.27664e+01
7.41082 3.20229e+01
7.42986 3.45207e+01
7.44890 3.21895e+01
7.46794 3.44905e+01
7.48697 3.32286e+01
7.50601 3.66668e+01
7.52505 4.04766e+01
7.54409 3.60458e+01
7.56313 3.53773e+01
7.58216 3.48752e+01
7.60120 3.61071e+01
7.62024 3.38174e+01
7.63928 3.30741e+01
7.65832 3.85568e+01
7.67735 3.65927e+01
7.69639 3.69827e+01
7.71543 3.06032e+01
7.73447 2.70495e+01
7.75351 2.96623e+01
7.77255 3.25547e+01
7.79158 3.00020e+01
7.81062 3.07734e+01
7.82966 2.72539e+01
7.84870 2.99740e+01
7.86774 3.05820e+01
7.88677 3.17972e+01
7.90581 2.82477e+01
7.92485 3.00775e+01
7.94389 3.24190e+01
7.96293 3.22509e+01
7.98196 2.95784e+01
8.00100 3.10212e+01
8.02004 3.11002e+01
8.03908 2.34087e+01
8.05812 2.76913e+01
8.07715 2.76198e+01
8.09619 2.73728e+01
8.11523 2.68664e+01
8.13427 2.90695e+01
8.15331 3.01989e+01
8.17234 3.21920e+01
8.19138 2.57108e+01
8.21042 3.04982e+01
8.22946 3.27405e+01
8.24850 2.94833e+01
8.26754 2.45688e+01
8.28657 2.40329e+01
8.30561 2.80299e+01
8.32465 2.48161e+01
8.34369 2.73429e+01
8.36273 2.81555e+01
8.38176 2.81912e+01
8.40080 2.70158e+01
8.41984 2.71524e+01
8.43888 2.57679e+01
8.45792 2.33073e+01
8.47695 2.49489e+01
8.49599 2.72038e+01
8.51503 2.53772e+01
8.53407 2.64610e+01
8.55311 2.81238e+01
8.57214 2.94229e+01
8.59118 2.50090e+01
8.61022 2.38999e+01
8.62926 2.31894e+01
8.64830 2.42857e+01
8.66733 2.21204e+01
8.68637 2.25350e+01
8.70541 2.13968e+01
8.72445 2.44047e+01
8.74349 2.48139e+01
8.76253 2.42024e+01
8.78156 2.65327e+01
8.80060 2.59260e+01
8.81964 2.54595e+01
8.83868 2.38264e+01
8.85772 2.14249e+01
8.87675 2.28434e+01
8.89579 2.30937e+01
8.91483 1.83753e+01
8.93387 2.32028e+01
8.95291 2.19861e+01
8.97194 2.26772e+01
8.99098 2.12005e+01
9.01002 1.94370e+01
9.02906 2.01174e+01
9.04810 2.01881e+01
9.06713 2.28987e+01
9.08617 2.25620e+01
9.10521 2.13436e+01
9.12425 2.39738e+01
9.14329 1.79049e+01
9.16232 1.75745e+01
9.18136 2.01035e+01
9.20040 2.19558e+01
9.21944 2.14775e+01
9.23848 1.87351e+01
9.25752 1.96173e+01
9.27655 2.11525e+01
9.29559 2.11454e+01
9.31463 2.28872e+01
9.33367 1.79693e+01
9.35271 1.85653e+01
9.37174 1.94490e+01
9.39078 2.02202e+01
9.40982 2.09737e+01
9.42886 2.12566e+01
9.44790 1.95556e+01
9.46693 2.03094e+01
9.48597 1.93707e+01
9.50501 1.88115e+01
9.52405 2.00760e+01
9.54309 1.99442e+01
9.56212 1.66877e+01
9.58116 1.94717e+01
9.60020 1.80853e+01
9.61924 1.68317e+01
9.63828 1.77543e+01
9.65731 1.80862e+01
9.67635 2.15209e+01
9.69539 1.48329e+01
9.71443 1.69705e+01
9.73347 1.76329e+01
9.75251 1.81568e+01
9.77154 1.89914e+01
9.79058 2.10528e+01
9.80962 1.50853e+01
9.82866 1.61594e+01
9.84770 1.77279e+01
9.86673 1.85097e+01
9.88577 1.88552e+01
9.90481 1.73787e+01
9.92385 1.62935e+01
9.94289 1.72272e+01
9.96192 1.82585e+01
9.98096 1.45756e+01
10.00000 1.59173e+01
