  300.00 -8.00000  1.22186e+15  1.22186e+15  1.22186e+15 -3.83752e+13 -3.83751e+13  3.83753e+13
  300.00 -7.97595  1.22716e+15  1.22716e+15  1.22716e+15 -5.23925e+13 -5.23926e+13  5.23927e+13
  300.00 -7.95190  1.24071e+15  1.24071e+15  1.24071e+15 -5.59642e+13 -5.59643e+13  5.59643e+13
  300.00 -7.92786  1.14674e+15  1.14674e+15  1.14674e+15 -5.06563e+13 -5.06562e+13  5.06562e+13
  300.00 -7.90381  9.26979e+14  9.26979e+14  9.26979e+14 -3.50847e+13 -3.50845e+13  3.50846e+13
  300.00 -7.87976  7.69088e+14  7.69088e+14  7.69088e+14 -4.36004e+12 -4.35983e+12  4.35993e+12
  300.00 -7.85571  8.36828e+14  8.36828e+14  8.36828e+14  3.18511e+13  3.18510e+13 -3.18511e+13
  300.00 -7.83166  1.10083e+15  1.10083e+15  1.10083e+15  4.79758e+13  4.79757e+13 -4.79758e+13
  300.00 -7.80762  1.31068e+15  1.31068e+15  1.31068e+15  3.07870e+13  3.07870e+13 -3.07871e+13
  300.00 -7.78357  1.43860e+15  1.43860e+15  1.43860e+15 -9.21267e+12 -9.21257e+12  9.21260e+12
  300.00 -7.75952  1.56649e+15  1.56649e+15  1.56649e+15 -4.45061e+13 -4.45060e+13  4.45061e+13
  300.00 -7.73547  1.54638e+15  1.54638e+15  1.54638e+15 -4.15891e+13 -4.15890e+13  4.15891e+13
  300.00 -7.71142  1.37042e+15  1.37042e+15  1.37042e+15  2.06486e+12  2.06494e+12 -2.06493e+12
  300.00 -7.68737  1.25085e+15  1.25085e+15  1.25085e+15  4.66764e+13  4.66764e+13 -4.66764e+13
  300.00 -7.66333  1.41990e+15  1.41990e+15  1.41990e+15  4.32330e+13  4.32330e+13 -4.32330e+13
  300.00 -7.63928  1.74093e+15  1.74093e+15  1.74093e+15 -4.95926e+12 -4.95939e+12  4.95928e+12
  300.00 -7.61523  1.76046e+15  1.76046e+15  1.76046e+15 -5.96148e+13 -5.96148e+13  5.96148e+13
  300.00 -7.59118  1.45025e+15  1.45025e+15  1.45025e+15 -6.38974e+13 -6.38973e+13  6.38974e+13
  300.00 -7.56713  1.24149e+15  1.24149e+15  1.24149e+15 -1.34751e+13 -1.34751e+13  1.34751e+13
  300.00 -7.54309  1.35777e+15  1.35777e+15  1.35777e+15  3.15606e+13  3.15605e+13 -3.15605e+13
  300.00 -7.51904  1.54739e+15  1.54739e+15  1.54739e+15  1.88042e+13  1.88041e+13 -1.88042e+13
  300.00 -7.49499  1.56077e+15  1.56077e+15  1.56077e+15 -2.39188e+13 -2.39189e+13  2.39188e+13
  300.00 -7.47094  1.37387e+15  1.37387e+15  1.37387e+15 -6.06125e+13 -6.06126e+13  6.06125e+13
  300.00 -7.44689  1.15014e+15  1.15014e+15  1.15014e+15 -6.42924e+13 -6.42924e+13  6.42924e+13
  300.00 -7.42285  1.03257e+15  1.03257e+15  1.03257e+15 -1.91869e+13 -1.91870e+13  1.91869e+13
  300.00 -7.39880  1.07151e+15  1.07151e+15  1.07151e+15  2.87723e+13  2.87722e+13 -2.87723e+13
  300.00 -7.37475  1.27399e+15  1.27399e+15  1.27399e+15  3.71858e+13  3.71857e+13 -3.71858e+13
  300.00 -7.35070  1.56626e+15  1.56626e+15  1.56626e+15  2.63220e+13  2.63220e+13 -2.63221e+13
  300.00 -7.32665  1.78319e+15  1.78319e+15  1.78319e+15  2.27494e+13  2.27494e+13 -2.27494e+13
  300.00 -7.30261  1.89014e+15  1.89014e+15  1.89014e+15  7.74593e+12  7.74598e+12 -7.74596e+12
  300.00 -7.27856  1.92118e+15  1.92118e+15  1.92118e+15 -2.18422e+13 -2.18422e+13  2.18421e+13
  300.00 -7.25451  1.78238e+15  1.78238e+15  1.78238e+15 -2.97255e+13 -2.97255e+13  2.97255e+13
  300.00 -7.23046  1.54458e+15  1.54458e+15  1.54458e+15  4.57693e+12  4.57687e+12 -4.57683e+12
  300.00 -7.20641  1.60085e+15  1.60085e+15  1.60085e+15  4.35495e+13  4.35494e+13 -4.35495e+13
  300.00 -7.18236  1.94302e+15  1.94302e+15  1.94302e+15  4.29677e+13  4.29678e+13 -4.29679e+13
  300.00 -7.15832  2.15369e+15  2.15369e+15  2.15369e+15  1.74309e+13  1.74310e+13 -1.74310e+13
  300.00 -7.13427  2.16372e+15  2.16372e+15  2.16372e+15 -2.08447e+12 -2.08458e+12  2.08455e+12
  300.00 -7.11022  2.06629e+15  2.06629e+15  2.06629e+15 -1.17814e+13 -1.17816e+13  1.17816e+13
  300.00 -7.08617  1.98503e+15  1.98503e+15  1.98503e+15 -1.17062e+13 -1.17061e+13  1.17062e+13
  300.00 -7.06212  2.08857e+15  2.08857e+15  2.08857e+15 -3.66980e+12 -3.66969e+12  3.66979e+12
  300.00 -7.03808  2.16155e+15  2.16155e+15  2.16155e+15  2.75008e+12  2.75005e+12 -2.75007e+12
  300.00 -7.01403  1.94011e+15  1.94011e+15  1.94011e+15  1.03178e+13  1.03177e+13 -1.03178e+13
  300.00 -6.98998  1.57489e+15  1.57489e+15  1.57489e+15  6.22167e+12  6.22159e+12 -6.22170e+12
  300.00 -6.96593  1.61155e+15  1.61155e+15  1.61155e+15 -6.01764e+12 -6.01770e+12  6.01766e+12
  300.00 -6.94188  2.13100e+15  2.13100e+15  2.13100e+15 -6.83718e+12 -6.83724e+12  6.83728e+12
  300.00 -6.91784  2.45768e+15  2.45768e+15  2.45768e+15  5.06844e+12  5.06839e+12 -5.06836e+12
  300.00 -6.89379  2.25743e+15  2.25743e+15  2.25743e+15  1.90834e+13  1.90834e+13 -1.90834e+13
  300.00 -6.86974  1.89457e+15  1.89457e+15  1.89457e+15  1.79287e+13  1.79287e+13 -1.79287e+13
  300.00 -6.84569  1.83010e+15  1.83010e+15  1.83010e+15  3.96085e+12  3.96082e+12 -3.96085e+12
  300.00 -6.82164  2.13570e+15  2.13570e+15  2.13570e+15  7.31443e+12  7.31446e+12 -7.31442e+12
  300.00 -6.79760  2.64280e+15  2.64280e+15  2.64280e+15  1.29279e+13  1.29280e+13 -1.29279e+13
  300.00 -6.77355  3.00902e+15  3.00902e+15  3.00902e+15  5.75915e+12  5.75920e+12 -5.75908e+12
  300.00 -6.74950  2.93483e+15  2.93483e+15  2.93483e+15 -7.75503e+12 -7.75509e+12  7.75512e+12
  300.00 -6.72545  2.52821e+15  2.52821e+15  2.52821e+15 -2.17195e+13 -2.17197e+13  2.17195e+13
  300.00 -6.70140  2.14162e+15  2.14162e+15  2.14162e+15 -2.53644e+12 -2.53654e+12  2.53640e+12
  300.00 -6.67735  2.06038e+15  2.06038e+15  2.06038e+15  3.02668e+13  3.02670e+13 -3.02669e+13
  300.00 -6.65331  2.42235e+15  2.42235e+15  2.42235e+15  1.78578e+13  1.78580e+13 -1.78578e+13
  300.00 -6.62926  2.91012e+15  2.91012e+15  2.91012e+15 -1.38435e+13 -1.38434e+13  1.38435e+13
  300.00 -6.60521  3.08603e+15  3.08603e+15  3.08603e+15 -3.42188e+13 -3.42188e+13  3.42188e+13
  300.00 -6.58116  2.95519e+15  2.95519e+15  2.95519e+15 -3.34619e+13 -3.34620e+13  3.34619e+13
  300.00 -6.55711  2.88690e+15  2.88690e+15  2.88690e+15 -1.38615e+13 -1.38615e+13  1.38614e+13
  300.00 -6.53307  2.88836e+15  2.88836e+15  2.88836e+15  8.78586e+12  8.78597e+12 -8.78592e+12
  300.00 -6.50902  2.75237e+15  2.75237e+15  2.75237e+15  1.05952e+13  1.05952e+13 -1.05951e+13
  300.00 -6.48497  2.63364e+15  2.63364e+15  2.63364e+15 -7.57005e+12 -7.57010e+12  7.57012e+12
  300.00 -6.46092  2.72374e+15  2.72374e+15  2.72374e+15 -9.69114e+12 -9.69115e+12  9.69117e+12
  300.00 -6.43687  2.85380e+15  2.85380e+15  2.85380e+15  1.27975e+13  1.27976e+13 -1.27976e+13
  300.00 -6.41283  2.88740e+15  2.88740e+15  2.88740e+15  1.29029e+13  1.29031e+13 -1.29031e+13
  300.00 -6.38878  2.84411e+15  2.84411e+15  2.84411e+15 -1.27576e+13 -1.27576e+13  1.27576e+13
  300.00 -6.36473  2.95395e+15  2.95395e+15  2.95395e+15 -8.70383e+12 -8.70384e+12  8.70391e+12
  300.00 -6.34068  3.24739e+15  3.24739e+15  3.24739e+15  1.67033e+13  1.67033e+13 -1.67033e+13
  300.00 -6.31663  3.33984e+15  3.33984e+15  3.33984e+15  2.12614e+13  2.12615e+13 -2.12615e+13
  300.00 -6.29259  3.05992e+15  3.05992e+15  3.05992e+15  1.30636e+13  1.30637e+13 -1.30637e+13
  300.00 -6.26854  2.78611e+15  2.78611e+15  2.78611e+15  8.28357e+12  8.28357e+12 -8.28355e+12
  300.00 -6.24449  2.81203e+15  2.81203e+15  2.81203e+15  3.59226e+12  3.59223e+12 -3.59220e+12
  300.00 -6.22044  2.99010e+15  2.99010e+15  2.99010e+15 -7.85206e+11 -7.85217e+11  7.85169e+11
  300.00 -6.19639  3.15837e+15  3.15837e+15  3.15837e+15 -3.70535e+12 -3.70531e+12  3.70521e+12
  300.00 -6.17234  3.36722e+15  3.36722e+15  3.36722e+15 -4.85101e+12 -4.85098e+12  4.85095e+12
  300.00 -6.14830  3.61594e+15  3.61594e+15  3.61594e+15  9.79123e+11  9.79122e+11 -9.79063e+11
  300.00 -6.12425  3.61675e+15  3.61675e+15  3.61675e+15  1.42117e+13  1.42118e+13 -1.42117e+13
  300.00 -6.10020  3.18272e+15  3.18272e+15  3.18272e+15  1.40483e+13  1.40484e+13 -1.40484e+13
  300.00 -6.07615  2.98952e+15  2.98952e+15  2.98952e+15 -1.42418e+13 -1.42418e+13  1.42417e+13
  300.00 -6.05210  3.43112e+15  3.43112e+15  3.43112e+15 -2.84919e+13 -2.84920e+13  2.84919e+13
  300.00 -6.02806  3.71906e+15  3.71906e+15  3.71906e+15 -1.35356e+13 -1.35356e+13  1.35357e+13
  300.00 -6.00401  3.51308e+15  3.51308e+15  3.51308e+15  4.27329e+12  4.27329e+12 -4.27325e+12
  300.00 -5.97996  3.41070e+15  3.41070e+15  3.41070e+15  1.07041e+13  1.07041e+13 -1.07041e+13
  300.00 -5.95591  3.58279e+15  3.58279e+15  3.58279e+15 -3.98880e+11 -3.98928e+11  3.98964e+11
  300.00 -5.93186  3.58186e+15  3.58186e+15  3.58186e+15 -7.99451e+12 -7.99460e+12  7.99463e+12
  300.00 -5.90782  3.29822e+15  3.29822e+15  3.29822e+15 -1.20172e+12 -1.20168e+12  1.20172e+12
  300.00 -5.88377  3.08082e+15  3.08082e+15  3.08082e+15 -8.80020e+10 -8.78931e+10  8.79473e+10
  300.00 -5.85972  3.07806e+15  3.07807e+15  3.07807e+15 -3.26499e+12 -3.26498e+12  3.26499e+12
  300.00 -5.83567  3.22983e+15  3.22983e+15  3.22983e+15 -4.01779e+12 -4.01786e+12  4.01782e+12
  300.00 -5.81162  3.57252e+15  3.57252e+15  3.57252e+15 -4.42759e+12 -4.42776e+12  4.42778e+12
  300.00 -5.78758  3.80677e+15  3.80677e+15  3.80677e+15 -1.29261e+12 -1.29279e+12  1.29290e+12
  300.00 -5.76353  3.64466e+15  3.64466e+15  3.64466e+15  6.04069e+12  6.04063e+12 -6.04053e+12
  300.00 -5.73948  3.28127e+15  3.28127e+15  3.28127e+15  7.53356e+12  7.53362e+12 -7.53364e+12
  300.00 -5.71543  3.04407e+15  3.04407e+15  3.04407e+15 -1.01647e+12 -1.01636e+12  1.01627e+12
  300.00 -5.69138  3.13480e+15  3.13480e+15  3.13480e+15 -2.04253e+12 -2.04246e+12  2.04246e+12
  300.00 -5.66733  3.41084e+15  3.41084e+15  3.41084e+15 -4.41444e+12 -4.41457e+12  4.41467e+12
  300.00 -5.64329  3.55238e+15  3.55238e+15  3.55238e+15 -1.04718e+13 -1.04720e+13  1.04720e+13
  300.00 -5.61924  3.47063e+15  3.47063e+15  3.47063e+15 -5.42479e+12 -5.42483e+12  5.42477e+12
  300.00 -5.59519  3.34489e+15  3.34489e+15  3.34489e+15  4.82471e+12  4.82471e+12 -4.82476e+12
  300.00 -5.57114  3.37576e+15  3.37576e+15  3.37576e+15  9.15367e+12  9.15359e+12 -9.15359e+12
  300.00 -5.54709  3.29752e+15  3.29752e+15  3.29752e+15  1.70797e+12  1.70790e+12 -1.70788e+12
  300.00 -5.52305  2.97634e+15  2.97634e+15  2.97634e+15 -7.57618e+12 -7.57617e+12  7.57620e+12
  300.00 -5.49900  2.77439e+15  2.77439e+15  2.77439e+15 -7.63932e+12 -7.63934e+12  7.63933e+12
  300.00 -5.47495  2.87479e+15  2.87479e+15  2.87479e+15  1.02603e+12  1.02592e+12 -1.02601e+12
  300.00 -5.45090  3.02717e+15  3.02717e+15  3.02717e+15  6.50675e+12  6.50662e+12 -6.50671e+12
  300.00 -5.42685  3.12872e+15  3.12872e+15  3.12872e+15  1.92189e+12  1.92186e+12 -1.92186e+12
  300.00 -5.40281  3.11053e+15  3.11053e+15  3.11053e+15 -1.94811e+12 -1.94803e+12  1.94810e+12
  300.00 -5.37876  2.92781e+15  2.92781e+15  2.92781e+15  6.83700e+11  6.83720e+11 -6.83712e+11
  300.00 -5.35471  2.69562e+15  2.69562e+15  2.69562e+15  3.32475e+12  3.32464e+12 -3.32476e+12
  300.00 -5.33066  2.52427e+15  2.52427e+15  2.52427e+15  4.25132e+12  4.25117e+12 -4.25134e+12
  300.00 -5.30661  2.58547e+15  2.58547e+15  2.58547e+15  7.02099e+12  7.02093e+12 -7.02100e+12
  300.00 -5.28257  2.81174e+15  2.81174e+15  2.81174e+15  4.21159e+12  4.21162e+12 -4.21159e+12
  300.00 -5.25852  2.98273e+15  2.98273e+15  2.98273e+15 -9.34608e+12 -9.34600e+12  9.34594e+12
  300.00 -5.23447  3.10417e+15  3.10417e+15  3.10417e+15 -1.15324e+13 -1.15324e+13  1.15322e+13
  300.00 -5.21042  3.16140e+15  3.16140e+15  3.16140e+15 -1.37102e+12 -1.37103e+12  1.37095e+12
  300.00 -5.18637  2.90698e+15  2.90698e+15  2.90698e+15  4.72070e+12  4.72072e+12 -4.72076e+12
  300.00 -5.16232  2.52348e+15  2.52348e+15  2.52348e+15  2.26003e+12  2.26003e+12 -2.26011e+12
  300.00 -5.13828  2.41756e+15  2.41756e+15  2.41756e+15 -2.32431e+12 -2.32439e+12  2.32426e+12
  300.00 -5.11423  2.59937e+15  2.59937e+15  2.59937e+15 -7.80135e+12 -7.80146e+12  7.80136e+12
  300.00 -5.09018  3.08275e+15  3.08275e+15  3.08275e+15 -1.55208e+13 -1.55208e+13  1.55207e+13
  300.00 -5.06613  3.49185e+15  3.49185e+15  3.49185e+15 -1.33037e+13 -1.33036e+13  1.33036e+13
  300.00 -5.04208  3.36668e+15  3.36668e+15  3.36668e+15 -4.93854e+12 -4.93844e+12  4.93844e+12
  300.00 -5.01804  3.00202e+15  3.00202e+15  3.00202e+15 -1.72732e+12 -1.72732e+12  1.72729e+12
  300.00 -4.99399  2.83339e+15  2.83339e+15  2.83339e+15 -8.60460e+12 -8.60473e+12  8.60462e+12
  300.00 -4.96994  2.89235e+15  2.89235e+15  2.89235e+15 -1.45704e+13 -1.45705e+13  1.45704e+13
  300.00 -4.94589  3.07951e+15  3.07951e+15  3.07950e+15 -1.31316e+13 -1.31317e+13  1.31317e+13
  300.00 -4.92184  3.08236e+15  3.08236e+15  3.08235e+15 -1.16696e+13 -1.16695e+13  1.16695e+13
  300.00 -4.89780  2.87797e+15  2.87797e+15  2.87795e+15 -5.59241e+12 -5.59227e+12  5.59232e+12
  300.00 -4.87375  3.00152e+15  3.00152e+15  3.00147e+15 -4.41750e+11 -4.41750e+11  4.41756e+11
  300.00 -4.84970  3.30474e+15  3.30475e+15  3.30465e+15 -1.15526e+13 -1.15526e+13  1.15526e+13
  300.00 -4.82565  3.20351e+15  3.20351e+15  3.20330e+15 -2.58918e+13 -2.58918e+13  2.58918e+13
  300.00 -4.80160  2.69611e+15  2.69613e+15  2.69569e+15 -2.19076e+13 -2.19076e+13  2.19076e+13
  300.00 -4.77756  2.45252e+15  2.45254e+15  2.45166e+15 -2.80515e+12 -2.80512e+12  2.80516e+12
  300.00 -4.75351  2.74910e+15  2.74915e+15  2.74739e+15  7.30843e+12  7.30845e+12 -7.30841e+12
  300.00 -4.72946  3.26894e+15  3.26905e+15  3.26567e+15  4.75688e+12  4.75692e+12 -4.75694e+12
  300.00 -4.70541  3.62538e+15  3.62557e+15  3.61941e+15 -2.76755e+12 -2.76749e+12  2.76742e+12
  300.00 -4.68136  3.59168e+15  3.59200e+15  3.58152e+15 -1.09191e+13 -1.09190e+13  1.09189e+13
  300.00 -4.65731  3.28763e+15  3.28811e+15  3.27222e+15 -1.73798e+13 -1.73797e+13  1.73797e+13
  300.00 -4.63327  3.04031e+15  3.04090e+15  3.02126e+15 -9.46036e+12 -9.46037e+12  9.46040e+12
  300.00 -4.60922  3.18103e+15  3.18152e+15  3.16547e+15  6.81532e+12  6.81529e+12 -6.81528e+12
  300.00 -4.58517  3.50506e+15  3.50519e+15  3.50070e+15  1.00409e+13  1.00409e+13 -1.00409e+13
  300.00 -4.56112  3.62314e+15  3.62316e+15  3.62240e+15  6.47787e+12  6.47788e+12 -6.47800e+12
  300.00 -4.53707  3.66816e+15  3.66850e+15  3.65710e+15  4.99975e+12  4.99980e+12 -4.99986e+12
  300.00 -4.51303  3.76848e+15  3.76907e+15  3.74975e+15  7.40520e+11  7.40544e+11 -7.40556e+11
  300.00 -4.48898  3.74149e+15  3.74204e+15  3.72402e+15 -8.10324e+12 -8.10321e+12  8.10317e+12
  300.00 -4.46493  3.64112e+15  3.64151e+15  3.62872e+15 -6.62514e+12 -6.62510e+12  6.62503e+12
  300.00 -4.44088  3.67879e+15  3.67903e+15  3.67118e+15  5.02176e+12  5.02174e+12 -5.02180e+12
  300.00 -4.41683  3.67989e+15  3.68003e+15  3.67561e+15  7.38491e+12  7.38488e+12 -7.38488e+12
  300.00 -4.39279  3.69177e+15  3.69184e+15  3.68949e+15 -9.06822e+11 -9.06873e+11  9.06892e+11
  300.00 -4.36874  3.96763e+15  3.96767e+15  3.96647e+15 -5.69908e+12 -5.69910e+12  5.69905e+12
  300.00 -4.34469  4.29079e+15  4.29081e+15  4.29021e+15 -1.83229e+12 -1.83227e+12  1.83213e+12
  300.00 -4.32064  4.49575e+15  4.49576e+15  4.49547e+15  2.30307e+12  2.30304e+12 -2.30319e+12
  300.00 -4.29659  4.57968e+15  4.57968e+15  4.57955e+15  2.09877e+12  2.09868e+12 -2.09866e+12
  300.00 -4.27255  4.49359e+15  4.49359e+15  4.49353e+15  2.89397e+12  2.89393e+12 -2.89378e+12
  300.00 -4.24850  4.33860e+15  4.33860e+15  4.33857e+15  5.74474e+12  5.74474e+12 -5.74465e+12
  300.00 -4.22445  4.42111e+15  4.42111e+15  4.42109e+15  6.72282e+12  6.72284e+12 -6.72293e+12
  300.00 -4.20040  4.74606e+15  4.74606e+15  4.74605e+15  7.51589e+12  7.51596e+12 -7.51612e+12
  300.00 -4.17635  4.87057e+15  4.87057e+15  4.87057e+15  6.35261e+12  6.35266e+12 -6.35274e+12
  300.00 -4.15230  4.70783e+15  4.70783e+15  4.70783e+15  6.42115e+11  6.42066e+11 -6.42078e+11
  300.00 -4.12826  4.69095e+15  4.69095e+15  4.69095e+15 -6.93054e+12 -6.93064e+12  6.93069e+12
  300.00 -4.10421  4.84638e+15  4.84638e+15  4.84638e+15 -1.02568e+13 -1.02568e+13  1.02568e+13
  300.00 -4.08016  4.95466e+15  4.95466e+15  4.95466e+15  1.70135e+12  1.70155e+12 -1.70154e+12
  300.00 -4.05611  5.09507e+15  5.09507e+15  5.09507e+15  1.77779e+13  1.77782e+13 -1.77782e+13
  300.00 -4.03206  5.04173e+15  5.04173e+15  5.04173e+15  1.40223e+13  1.40228e+13 -1.40227e+13
  300.00 -4.00802  4.56848e+15  4.56848e+15  4.56848e+15 -7.31293e+12 -7.31218e+12  7.31252e+12
  300.00 -3.98397  4.28569e+15  4.28569e+15  4.28569e+15 -2.18120e+13 -2.18106e+13  2.18113e+13
  300.00 -3.95992  4.67192e+15  4.67192e+15  4.67193e+15 -1.38829e+13 -1.38802e+13  1.38816e+13
  300.00 -3.93587  5.08072e+15  5.08072e+15  5.08072e+15 -3.51559e+12 -3.51114e+12  3.51382e+12
  300.00 -3.91182  5.23308e+15  5.23309e+15  5.23309e+15 -5.52798e+11 -5.46071e+11  5.51003e+11
  300.00 -3.88778  5.52776e+15  5.52777e+15  5.52777e+15  6.63460e+12  6.64416e+12 -6.63586e+12
  300.00 -3.86373  5.75405e+15  5.75405e+15  5.75406e+15  1.62505e+13  1.62651e+13 -1.62532e+13
  300.00 -3.83968  5.69330e+15  5.69330e+15  5.69331e+15  8.25645e+12  8.28245e+12 -8.27013e+12
  300.00 -3.81563  5.34639e+15  5.34640e+15  5.34642e+15 -1.81930e+13 -1.81470e+13  1.81536e+13
  300.00 -3.79158  4.97208e+15  4.97210e+15  4.97212e+15 -2.92017e+13 -2.91315e+13  2.91333e+13
  300.00 -3.76754  5.10740e+15  5.10742e+15  5.10744e+15 -4.88848e+12 -4.80799e+12  4.81469e+12
  300.00 -3.74349  5.78725e+15  5.78727e+15  5.78729e+15  2.13032e+13  2.13558e+13 -2.13449e+13
  300.00 -3.71944  6.26339e+15  6.26342e+15  6.26343e+15  2.03394e+13  2.03390e+13 -2.03368e+13
  300.00 -3.69539  6.14699e+15  6.14703e+15  6.14704e+15  4.02178e+12  4.01459e+12 -4.02613e+12
  300.00 -3.67134  6.07973e+15  6.07979e+15  6.07981e+15 -1.09197e+13 -1.08847e+13  1.08692e+13
  300.00 -3.64729  6.30471e+15  6.30478e+15  6.30480e+15 -1.20679e+13 -1.20083e+13  1.19988e+13
  300.00 -3.62325  6.20236e+15  6.20241e+15  6.20243e+15 -1.19614e+13 -1.19041e+13  1.19021e+13
  300.00 -3.59920  5.78535e+15  5.78537e+15  5.78537e+15 -2.41140e+13 -2.40735e+13  2.40605e+13
  300.00 -3.57515  5.59516e+15  5.59519e+15  5.59519e+15 -1.15743e+13 -1.15617e+13  1.15244e+13
  300.00 -3.55110  6.09294e+15  6.09300e+15  6.09299e+15  1.22705e+13  1.22600e+13 -1.23060e+13
  300.00 -3.52705  6.78790e+15  6.78796e+15  6.78797e+15 -2.05065e+12 -2.06697e+12  2.03417e+12
  300.00 -3.50301  6.80052e+15  6.80056e+15  6.80057e+15 -2.44233e+13 -2.44357e+13  2.44222e+13
  300.00 -3.47896  6.11608e+15  6.11612e+15  6.11612e+15 -2.16006e+13 -2.16111e+13  2.16001e+13
  300.00 -3.45491  5.65185e+15  5.65187e+15  5.65187e+15  2.24227e+09 -9.09353e+09 -1.46485e+10
  300.00 -3.43086  6.03042e+15  6.03044e+15  6.03044e+15  2.89745e+12  2.88658e+12 -2.91693e+12
  300.00 -3.40681  6.36432e+15  6.36433e+15  6.36433e+15 -1.53744e+13 -1.53833e+13  1.53580e+13
  300.00 -3.38277  6.00761e+15  6.00762e+15  6.00762e+15 -9.86260e+12 -9.86910e+12  9.85252e+12
  300.00 -3.35872  5.43243e+15  5.43244e+15  5.43244e+15  1.96532e+13  1.96490e+13 -1.96585e+13
  300.00 -3.33467  5.40822e+15  5.40822e+15  5.40822e+15  3.06398e+13  3.06373e+13 -3.06424e+13
  300.00 -3.31062  6.06404e+15  6.06405e+15  6.06405e+15  1.55663e+13  1.55648e+13 -1.55675e+13
  300.00 -3.28657  6.63920e+15  6.63920e+15  6.63920e+15 -1.00591e+13 -1.00598e+13  1.00585e+13
  300.00 -3.26253  6.33352e+15  6.33352e+15  6.33352e+15 -3.66377e+13 -3.66380e+13  3.66374e+13
  300.00 -3.23848  5.41801e+15  5.41801e+15  5.41801e+15 -6.88887e+12 -6.88901e+12  6.88876e+12
  300.00 -3.21443  5.22143e+15  5.22143e+15  5.22143e+15  5.50521e+13  5.50520e+13 -5.50522e+13
  300.00 -3.19038  5.79431e+15  5.79431e+15  5.79431e+15  4.04222e+13  4.04221e+13 -4.04222e+13
  300.00 -3.16633  6.21516e+15  6.21516e+15  6.21516e+15 -1.58169e+13 -1.58171e+13  1.58170e+13
  300.00 -3.14228  6.19190e+15  6.19190e+15  6.19190e+15 -3.44561e+13 -3.44564e+13  3.44563e+13
  300.00 -3.11824  6.03840e+15  6.03840e+15  6.03840e+15 -1.21033e+13 -1.21034e+13  1.21033e+13
  300.00 -3.09419  6.18917e+15  6.18917e+15  6.18917e+15 -8.16812e+12 -8.16817e+12  8.16819e+12
  300.00 -3.07014  6.70663e+15  6.70663e+15  6.70663e+15 -2.54372e+13 -2.54373e+13  2.54373e+13
  300.00 -3.04609  7.01873e+15  7.01873e+15  7.01873e+15 -3.10348e+13 -3.10348e+13  3.10348e+13
  300.00 -3.02204  6.79713e+15  6.79713e+15  6.79713e+15 -1.40842e+13 -1.40842e+13  1.40841e+13
  300.00 -2.99800  6.03912e+15  6.03912e+15  6.03912e+15 -1.80542e+11 -1.80391e+11  1.80289e+11
  300.00 -2.97395  5.54881e+15  5.54881e+15  5.54881e+15  7.42446e+12  7.42451e+12 -7.42453e+12
  300.00 -2.94990  6.14722e+15  6.14722e+15  6.14722e+15  4.46442e+11  4.46210e+11 -4.46202e+11
  300.00 -2.92585  7.08157e+15  7.08157e+15  7.08157e+15 -4.21064e+12 -4.21094e+12  4.21087e+12
  300.00 -2.90180  7.42784e+15  7.42784e+15  7.42784e+15  1.00759e+13  1.00759e+13 -1.00760e+13
  300.00 -2.87776  7.21579e+15  7.21579e+15  7.21579e+15  2.81227e+12  2.81240e+12 -2.81250e+12
  300.00 -2.85371  6.69471e+15  6.69471e+15  6.69471e+15 -2.11294e+13 -2.11292e+13  2.11292e+13
  300.00 -2.82966  6.16610e+15  6.16610e+15  6.16610e+15  3.18473e+12  3.18492e+12 -3.18488e+12
  300.00 -2.80561  5.91287e+15  5.91287e+15  5.91287e+15  4.74317e+13  4.74319e+13 -4.74318e+13
  300.00 -2.78156  5.98487e+15  5.98487e+15  5.98487e+15  5.04851e+13  5.04852e+13 -5.04852e+13
  300.00 -2.75752  6.58903e+15  6.58903e+15  6.58903e+15  1.75842e+13  1.75841e+13 -1.75842e+13
  300.00 -2.73347  7.50963e+15  7.50963e+15  7.50963e+15 -5.31498e+12 -5.31511e+12  5.31502e+12
  300.00 -2.70942  7.80458e+15  7.80458e+15  7.80458e+15  2.09821e+13  2.09821e+13 -2.09820e+13
  300.00 -2.68537  7.01232e+15  7.01232e+15  7.01232e+15  5.03778e+13  5.03780e+13 -5.03777e+13
  300.00 -2.66132  5.94676e+15  5.94676e+15  5.94676e+15  1.90657e+13  1.90658e+13 -1.90656e+13
  300.00 -2.63727  6.10762e+15  6.10762e+15  6.10762e+15 -2.20743e+13 -2.20744e+13  2.20743e+13
  300.00 -2.61323  7.33349e+15  7.33349e+15  7.33349e+15 -1.09811e+13 -1.09812e+13  1.09811e+13
  300.00 -2.58918  8.05548e+15  8.05548e+15  8.05548e+15  2.39192e+13  2.39191e+13 -2.39192e+13
  300.00 -2.56513  7.63940e+15  7.63940e+15  7.63940e+15  3.48729e+13  3.48728e+13 -3.48730e+13
  300.00 -2.54108  6.69447e+15  6.69447e+15  6.69447e+15  1.86447e+13  1.86444e+13 -1.86447e+13
  300.00 -2.51703  6.38893e+15  6.38893e+15  6.38893e+15  1.45985e+13  1.45984e+13 -1.45984e+13
  300.00 -2.49299  6.69998e+15  6.69998e+15  6.69998e+15  1.01050e+13  1.01052e+13 -1.01049e+13
  300.00 -2.46894  6.97613e+15  6.97613e+15  6.97613e+15 -1.96772e+12 -1.96773e+12  1.96780e+12
  300.00 -2.44489  7.07979e+15  7.07979e+15  7.07979e+15  6.72042e+12  6.72012e+12 -6.72037e+12
  300.00 -2.42084  6.85358e+15  6.85358e+15  6.85358e+15  2.30984e+13  2.30982e+13 -2.30986e+13
  300.00 -2.39679  6.47051e+15  6.47051e+15  6.47051e+15  1.77017e+13  1.77017e+13 -1.77020e+13
  300.00 -2.37275  6.54044e+15  6.54044e+15  6.54044e+15  1.68602e+11  1.68629e+11 -1.68687e+11
  300.00 -2.34870  6.64525e+15  6.64525e+15  6.64525e+15 -4.63522e+12 -4.63528e+12  4.63542e+12
  300.00 -2.32465  6.46751e+15  6.46751e+15  6.46751e+15 -6.94451e+12 -6.94464e+12  6.94469e+12
  300.00 -2.30060  6.15565e+15  6.15566e+15  6.15565e+15 -1.33611e+13 -1.33612e+13  1.33610e+13
  300.00 -2.27655  6.14668e+15  6.14668e+15  6.14668e+15  3.07735e+10  3.07276e+10 -3.09442e+10
  300.00 -2.25251  6.99358e+15  6.99358e+15  6.99358e+15  1.73144e+13  1.73145e+13 -1.73144e+13
  300.00 -2.22846  7.60546e+15  7.60546e+15  7.60546e+15  6.06456e+12  6.06463e+12 -6.06452e+12
  300.00 -2.20441  7.13174e+15  7.13174e+15  7.13174e+15 -2.56809e+13 -2.56809e+13  2.56809e+13
  300.00 -2.18036  6.54006e+15  6.54006e+15  6.54006e+15 -5.39897e+13 -5.39897e+13  5.39897e+13
  300.00 -2.15631  6.86835e+15  6.86835e+15  6.86835e+15 -4.18803e+13 -4.18802e+13  4.18803e+13
  300.00 -2.13226  7.40181e+15  7.40181e+15  7.40181e+15 -9.63631e+12 -9.63610e+12  9.63654e+12
  300.00 -2.10822  7.42794e+15  7.42794e+15  7.42795e+15 -1.66114e+13 -1.66109e+13  1.66119e+13
  300.00 -2.08417  7.60849e+15  7.60849e+15  7.60850e+15 -2.91272e+13 -2.91258e+13  2.91278e+13
  300.00 -2.06012  7.86546e+15  7.86546e+15  7.86548e+15 -4.37053e+12 -4.36739e+12  4.37194e+12
  300.00 -2.03607  7.36308e+15  7.36308e+15  7.36312e+15  9.14434e+12  9.15106e+12 -9.14106e+12
  300.00 -2.01202  6.71502e+15  6.71502e+15  6.71510e+15 -4.10802e+13 -4.10661e+13  4.10873e+13
  300.00 -1.98798  6.67313e+15  6.67313e+15  6.67330e+15 -6.84609e+13 -6.84314e+13  6.84756e+13
  300.00 -1.96393  6.91930e+15  6.91930e+15  6.91964e+15 -4.73895e+13 -4.73288e+13  4.74194e+13
  300.00 -1.93988  6.96271e+15  6.96271e+15  6.96340e+15 -1.11055e+13 -1.09840e+13  1.11643e+13
  300.00 -1.91583  6.63729e+15  6.63729e+15  6.63865e+15  3.13378e+13  3.15733e+13 -3.12263e+13
  300.00 -1.89178  6.47297e+15  6.47298e+15  6.47554e+15  3.42159e+13  3.46528e+13 -3.40160e+13
  300.00 -1.86774  6.78410e+15  6.78412e+15  6.78869e+15 -1.14698e+13 -1.07092e+13  1.17995e+13
  300.00 -1.84369  6.99405e+15  6.99409e+15  7.00163e+15 -1.75786e+13 -1.63814e+13  1.80469e+13
  300.00 -1.81964  6.75546e+15  6.75555e+15  6.76642e+15  8.71446e+12  1.02860e+13 -8.24419e+12
  300.00 -1.79559  6.56559e+15  6.56576e+15  6.57820e+15 -1.86622e+13 -1.72826e+13  1.86552e+13
  300.00 -1.77154  6.50499e+15  6.50526e+15  6.51507e+15 -4.63100e+13 -4.62222e+13  4.50432e+13
  300.00 -1.74749  6.42136e+15  6.42180e+15  6.42853e+15  4.89905e+12  3.53162e+12 -7.53442e+12
  300.00 -1.72345  6.92061e+15  6.92135e+15  6.93206e+15  8.84095e+13  8.74604e+13 -9.11271e+13
  300.00 -1.69940  7.67373e+15  7.67456e+15  7.68982e+15  7.58682e+13  7.64678e+13 -7.72824e+13
  300.00 -1.67535  8.09421e+15  8.09467e+15  8.10682e+15 -3.45229e+13 -3.29902e+13  3.49443e+13
  300.00 -1.65130  8.30494e+15  8.30540e+15  8.31362e+15 -6.59809e+13 -6.47054e+13  6.66906e+13
  300.00 -1.62725  8.42492e+15  8.42630e+15  8.43578e+15  9.42329e+12  9.39950e+12 -1.05198e+13
  300.00 -1.60321  8.42421e+15  8.42688e+15  8.43726e+15  7.04171e+13  6.93643e+13 -7.26636e+13
  300.00 -1.57916  7.86878e+15  7.87297e+15  7.88108e+15  6.03509e+13  5.90671e+13 -6.20842e+13
  300.00 -1.55511  6.73253e+15  6.73862e+15  6.74317e+15  3.63293e+13  3.52050e+13 -3.67473e+13
  300.00 -1.53106  6.12581e+15  6.13358e+15  6.13508e+15  1.80516e+13  1.71466e+13 -1.72314e+13
  300.00 -1.50701  6.81424e+15  6.82153e+15  6.82148e+15 -1.53825e+13 -1.60391e+13  1.66224e+13
  300.00 -1.48297  7.36936e+15  7.37257e+15  7.37275e+15 -3.28133e+13 -3.31308e+13  3.32830e+13
  300.00 -1.45892  6.90647e+15  6.90656e+15  6.90715e+15  1.72757e+13  1.71924e+13 -1.74765e+13
  300.00 -1.43487  6.10381e+15  6.10701e+15  6.10643e+15  6.22236e+13  6.20380e+13 -6.15193e+13
  300.00 -1.41082  5.14863e+15  5.15593e+15  5.15408e+15  3.54481e+13  3.50982e+13 -3.36524e+13
  300.00 -1.38677  4.41128e+15  4.41915e+15  4.41726e+15  4.36464e+12  4.02420e+12 -2.52328e+12
  300.00 -1.36273  4.46157e+15  4.46797e+15  4.46689e+15 -5.53911e+12 -5.75184e+12  6.73928e+12
  300.00 -1.33868  4.77946e+15  4.78450e+15  4.78457e+15 -1.40799e+13 -1.41285e+13  1.44392e+13
  300.00 -1.31463  5.13009e+15  5.13486e+15  5.13635e+15 -1.78537e+13 -1.77185e+13  1.72916e+13
  300.00 -1.29058  5.58567e+15  5.59150e+15  5.59483e+15 -1.22729e+13 -1.19160e+13  1.06293e+13
  300.00 -1.26653  6.04985e+15  6.05787e+15  6.06347e+15 -7.76588e+12 -7.14443e+12  4.85340e+12
  300.00 -1.24248  6.50768e+15  6.51789e+15  6.52547e+15 -8.73683e+12 -7.88524e+12  4.72803e+12
  300.00 -1.21844  6.67627e+15  6.68587e+15  6.69315e+15 -3.75229e+12 -2.93011e+12 -1.20976e+11
  300.00 -1.19439  6.56343e+15  6.56766e+15  6.57086e+15 -3.66812e+12 -3.30318e+12  1.95217e+12
  300.00 -1.17034  7.00657e+15  7.00660e+15  7.00660e+15 -1.86789e+13 -1.86805e+13  1.86893e+13
  300.00 -1.14629  8.01133e+15  8.01539e+15  8.01854e+15 -3.03497e+13 -3.00012e+13  2.87054e+13
  300.00 -1.12224  8.85414e+15  8.86354e+15  8.87087e+15 -3.27491e+13 -3.19300e+13  2.88888e+13
  300.00 -1.09820  9.14076e+15  9.15068e+15  9.15848e+15 -3.07514e+13 -2.98839e+13  2.66718e+13
  300.00 -1.07415  8.69132e+15  8.69875e+15  8.70480e+15 -3.98440e+13 -3.91911e+13  3.67937e+13
  300.00 -1.05010  8.01627e+15  8.02088e+15  8.02508e+15 -2.74701e+13 -2.70619e+13  2.56045e+13
  300.00 -1.02605  7.99692e+15  7.99937e+15  8.00251e+15 -9.91583e+12 -9.69520e+12  8.99312e+12
  300.00 -1.00200  8.34951e+15  8.35041e+15  8.35354e+15  6.54905e+12  6.64066e+12 -6.75382e+12
  300.00 -0.97796  7.90926e+15  7.90897e+15  7.91320e+15  6.78098e+13  6.78070e+13 -6.73765e+13
  300.00 -0.95391  6.76361e+15  6.76217e+15  6.76874e+15  8.09489e+13  8.08622e+13 -7.98177e+13
  300.00 -0.92986  6.20560e+15  6.20298e+15  6.21281e+15 -3.72265e+13 -3.73964e+13  3.91430e+13
  300.00 -0.90581  6.55941e+15  6.55590e+15  6.56838e+15 -8.11153e+13 -8.13463e+13  8.36333e+13
  300.00 -0.88176  6.93757e+15  6.93443e+15  6.94542e+15 -1.36946e+13 -1.39017e+13  1.59310e+13
  300.00 -0.85772  6.80481e+15  6.80370e+15  6.80759e+15  3.83557e+13  3.82828e+13 -3.75677e+13
  300.00 -0.83367  6.04429e+15  6.04427e+15  6.04440e+15  6.21477e+13  6.21456e+13 -6.21270e+13
  300.00 -0.80962  4.92552e+15  4.92373e+15  4.92995e+15  6.82403e+13  6.81203e+13 -6.69682e+13
  300.00 -0.78557  4.51749e+15  4.51401e+15  4.52604e+15  4.80527e+13  4.78196e+13 -4.55888e+13
  300.00 -0.76152  5.23019e+15  5.22679e+15  5.23861e+15  1.29382e+13  1.27066e+13 -1.05266e+13
  300.00 -0.73747  5.82670e+15  5.82429e+15  5.83285e+15 -1.48676e+13 -1.50414e+13  1.65870e+13
  300.00 -0.71343  5.82764e+15  5.82628e+15  5.83148e+15 -1.38813e+13 -1.40003e+13  1.48679e+13
  300.00 -0.68938  5.96756e+15  5.96708e+15  5.96977e+15  2.02291e+12  1.93378e+12 -1.63397e+12
  300.00 -0.66533  6.22694e+15  6.22724e+15  6.22817e+15  1.26875e+13  1.25987e+13 -1.28077e+13
  300.00 -0.64128  6.30663e+15  6.30778e+15  6.30735e+15  5.13105e+11  3.94103e+11 -1.16260e+12
  300.00 -0.61723  6.63671e+15  6.63890e+15  6.63721e+15 -1.62561e+13 -1.64349e+13  1.49766e+13
  300.00 -0.59319  7.05307e+15  7.05638e+15  7.05351e+15 -1.93893e+13 -1.96422e+13  1.74433e+13
  300.00 -0.56914  7.02944e+15  7.03325e+15  7.02984e+15 -3.10845e+13 -3.13718e+13  2.88328e+13
  300.00 -0.54509  6.88452e+15  6.88714e+15  6.88478e+15 -5.69725e+13 -5.71709e+13  5.54228e+13
  300.00 -0.52104  6.96611e+15  6.96649e+15  6.96615e+15 -7.03885e+13 -7.04212e+13  7.01582e+13
  300.00 -0.49699  7.29072e+15  7.29124e+15  7.29075e+15 -4.71378e+13 -4.71820e+13  4.68141e+13
  300.00 -0.47295  7.74804e+15  7.75085e+15  7.74825e+15 -1.86049e+13 -1.88249e+13  1.69127e+13
  300.00 -0.44890  7.52593e+15  7.52980e+15  7.52619e+15 -4.84873e+13 -4.87999e+13  4.61347e+13
  300.00 -0.42485  6.92693e+15  6.93024e+15  6.92706e+15 -9.65436e+13 -9.68416e+13  9.44500e+13
  300.00 -0.40080  6.88647e+15  6.88876e+15  6.88637e+15 -8.28356e+13 -8.31054e+13  8.12251e+13
  300.00 -0.37675  7.34486e+15  7.34630e+15  7.34444e+15 -3.05500e+13 -3.08414e+13  2.92200e+13
  300.00 -0.35271  7.47258e+15  7.47350e+15  7.47171e+15 -1.56549e+13 -1.60419e+13  1.42810e+13
  300.00 -0.32866  6.88272e+15  6.88339e+15  6.88130e+15 -2.89428e+13 -2.94876e+13  2.72534e+13
  300.00 -0.30461  6.37138e+15  6.37194e+15  6.36951e+15 -2.83591e+12 -3.51799e+12  8.25439e+11
  300.00 -0.28056  6.41491e+15  6.41533e+15  6.41321e+15 -2.41813e+13 -2.47892e+13  2.24066e+13
  300.00 -0.25651  6.51303e+15  6.51319e+15  6.51239e+15 -5.11805e+13 -5.14064e+13  5.04809e+13
  300.00 -0.23246  6.46894e+15  6.46895e+15  6.46892e+15  1.37387e+12  1.37843e+12 -1.45670e+12
  300.00 -0.20842  6.52273e+15  6.52289e+15  6.52181e+15  4.25958e+13  4.22955e+13 -4.36136e+13
  300.00 -0.18437  6.44827e+15  6.44858e+15  6.44641e+15  2.22271e+13  2.16154e+13 -2.42557e+13
  300.00 -0.16032  6.22207e+15  6.22234e+15  6.22017e+15  5.01458e+12  4.42403e+12 -7.18489e+12
  300.00 -0.13627  6.37978e+15  6.37992e+15  6.37833e+15  3.75223e+13  3.71298e+13 -3.93724e+13
  300.00 -0.11222  6.93940e+15  6.93942e+15  6.93844e+15  6.77786e+13  6.75780e+13 -6.92145e+13
  300.00 -0.08818  6.84238e+15  6.84237e+15  6.84182e+15  4.15792e+13  4.14790e+13 -4.24931e+13
  300.00 -0.06413  5.88512e+15  5.88516e+15  5.88486e+15  3.80089e+12  3.72173e+12 -4.14090e+12
  300.00 -0.04008  5.17723e+15  5.17724e+15  5.17708e+15 -5.29646e+12 -5.33269e+12  5.10612e+12
  300.00 -0.01603  4.95276e+15  4.95267e+15  4.95261e+15  5.31063e+12  5.35528e+12 -5.78024e+12
  300.00  0.00802  4.92213e+15  4.92199e+15  4.92198e+15  2.19540e+13  2.20400e+13 -2.25781e+13
  300.00  0.03206  4.83565e+15  4.83553e+15  4.83553e+15  2.79232e+13  2.80023e+13 -2.84579e+13
  300.00  0.05611  4.38753e+15  4.38745e+15  4.38746e+15  2.36817e+13  2.37369e+13 -2.40462e+13
  300.00  0.08016  3.98395e+15  3.98390e+15  3.98391e+15  1.59741e+13  1.60077e+13 -1.61930e+13
  300.00  0.10421  3.89915e+15  3.89913e+15  3.89913e+15  9.22824e+12  9.24707e+12 -9.34985e+12
  300.00  0.12826  3.72215e+15  3.72214e+15  3.72214e+15  9.25931e+12  9.26930e+12 -9.32342e+12
  300.00  0.15230  3.32215e+15  3.32214e+15  3.32214e+15  9.76584e+12  9.77089e+12 -9.79837e+12
  300.00  0.17635  3.04789e+15  3.04788e+15  3.04789e+15  7.86665e+12  7.86908e+12 -7.88267e+12
  300.00  0.20040  2.99341e+15  2.99341e+15  2.99341e+15  1.03826e+13  1.03837e+13 -1.03903e+13
  300.00  0.22445  3.31504e+15  3.31504e+15  3.31504e+15  2.29028e+13  2.29033e+13 -2.29064e+13
  300.00  0.24850  3.95165e+15  3.95165e+15  3.95165e+15  2.37414e+13  2.37417e+13 -2.37431e+13
  300.00  0.27255  4.27654e+15  4.27654e+15  4.27654e+15 -1.86306e+13 -1.86303e+13  1.86297e+13
  300.00  0.29659  4.22851e+15  4.22851e+15  4.22851e+15 -6.06992e+13 -6.06992e+13  6.06988e+13
  300.00  0.32064  4.24702e+15  4.24702e+15  4.24702e+15 -3.55252e+13 -3.55253e+13  3.55251e+13
  300.00  0.34469  5.11157e+15  5.11157e+15  5.11157e+15 -4.33437e+11 -4.33614e+11  4.33557e+11
  300.00  0.36874  6.40092e+15  6.40092e+15  6.40092e+15  6.82945e+11  6.82901e+11 -6.82872e+11
  300.00  0.39279  6.94889e+15  6.94889e+15  6.94889e+15  5.78146e+12  5.78157e+12 -5.78151e+12
  300.00  0.41683  6.70435e+15  6.70435e+15  6.70435e+15 -4.10409e+12 -4.10404e+12  4.10403e+12
  300.00  0.44088  6.69172e+15  6.69172e+15  6.69172e+15 -4.01808e+13 -4.01809e+13  4.01808e+13
  300.00  0.46493  7.08757e+15  7.08757e+15  7.08757e+15 -2.11879e+13 -2.11879e+13  2.11879e+13
  300.00  0.48898  6.95662e+15  6.95662e+15  6.95662e+15  3.98393e+13  3.98394e+13 -3.98393e+13
  300.00  0.51303  6.66617e+15  6.66617e+15  6.66617e+15  8.87929e+13  8.87930e+13 -8.87929e+13
  300.00  0.53707  6.67780e+15  6.67780e+15  6.67780e+15  1.01971e+14  1.01972e+14 -1.01971e+14
  300.00  0.56112  6.41202e+15  6.41202e+15  6.41202e+15 -2.23389e+13 -2.23390e+13  2.23391e+13
  300.00  0.58517  5.97419e+15  5.97419e+15  5.97419e+15 -1.17514e+14 -1.17514e+14  1.17514e+14
  300.00  0.60922  5.56766e+15  5.56766e+15  5.56766e+15 -1.76018e+13 -1.76017e+13  1.76018e+13
  300.00  0.63327  4.97714e+15  4.97714e+15  4.97714e+15  1.14816e+14  1.14816e+14 -1.14816e+14
  300.00  0.65731  4.36261e+15  4.36261e+15  4.36261e+15  1.10402e+14  1.10402e+14 -1.10402e+14
  300.00  0.68136  3.93914e+15  3.93914e+15  3.93914e+15  2.55089e+13  2.55089e+13 -2.55088e+13
  300.00  0.70541  3.57897e+15  3.57897e+15  3.57897e+15 -3.19380e+13 -3.19381e+13  3.19381e+13
  300.00  0.72946  3.17177e+15  3.17177e+15  3.17177e+15 -2.29977e+13 -2.29978e+13  2.29978e+13
  300.00  0.75351  2.59711e+15  2.59711e+15  2.59711e+15  2.01296e+13  2.01296e+13 -2.01296e+13
  300.00  0.77756  1.74134e+15  1.74134e+15  1.74134e+15  1.79850e+13  1.79850e+13 -1.79850e+13
  300.00  0.80160  1.17364e+15  1.17364e+15  1.17364e+15 -3.19576e+13 -3.19576e+13  3.19576e+13
  300.00  0.82565  1.48091e+15  1.48091e+15  1.48091e+15 -4.29014e+13 -4.29015e+13  4.29015e+13
  300.00  0.84970  2.19884e+15  2.19884e+15  2.19884e+15 -1.50207e+13 -1.50208e+13  1.50208e+13
  300.00  0.87375  2.68178e+15  2.68178e+15  2.68178e+15  1.13289e+13  1.13289e+13 -1.13289e+13
  300.00  0.89780  2.90111e+15  2.90111e+15  2.90111e+15  2.05098e+13  2.05099e+13 -2.05098e+13
  300.00  0.92184  3.01454e+15  3.01454e+15  3.01454e+15 -5.93482e+12 -5.93474e+12  5.93481e+12
  300.00  0.94589  3.07081e+15  3.07081e+15  3.07081e+15 -5.57188e+13 -5.57189e+13  5.57188e+13
  300.00  0.96994  3.11856e+15  3.11856e+15  3.11856e+15 -6.52075e+13 -6.52075e+13  6.52074e+13
  300.00  0.99399  3.60084e+15  3.60084e+15  3.60084e+15 -2.77988e+13 -2.77987e+13  2.77987e+13
  300.00  1.01804  4.74669e+15  4.74669e+15  4.74669e+15 -2.81179e+13 -2.81177e+13  2.81178e+13
  300.00  1.04208  6.16789e+15  6.16789e+15  6.16789e+15 -8.17640e+13 -8.17639e+13  8.17639e+13
  300.00  1.06613  7.66573e+15  7.66573e+15  7.66573e+15 -1.21607e+14 -1.21608e+14  1.21607e+14
  300.00  1.09018  8.92237e+15  8.92237e+15  8.92237e+15 -1.35160e+14 -1.35161e+14  1.35160e+14
  300.00  1.11423  9.61955e+15  9.61955e+15  9.61955e+15 -1.35028e+14 -1.35028e+14  1.35028e+14
  300.00  1.13828  9.77111e+15  9.77111e+15  9.77111e+15 -1.22981e+14 -1.22981e+14  1.22981e+14
  300.00  1.16232  9.22304e+15  9.22304e+15  9.22304e+15 -9.67656e+13 -9.67654e+13  9.67657e+13
  300.00  1.18637  8.43042e+15  8.43042e+15  8.43042e+15 -5.78810e+13 -5.78807e+13  5.78810e+13
  300.00  1.21042  8.17921e+15  8.17921e+15  8.17921e+15 -1.70918e+14 -1.70918e+14  1.70917e+14
  300.00  1.23447  8.83370e+15  8.83370e+15  8.83370e+15 -3.09902e+14 -3.09902e+14  3.09902e+14
  300.00  1.25852  9.86573e+15  9.86573e+15  9.86573e+15 -1.96808e+14 -1.96808e+14  1.96808e+14
  300.00  1.28257  9.96597e+15  9.96597e+15  9.96597e+15  1.92346e+12  1.92333e+12 -1.92321e+12
  300.00  1.30661  8.95343e+15  8.95343e+15  8.95343e+15  6.00605e+13  6.00605e+13 -6.00603e+13
  300.00  1.33066  7.34692e+15  7.34692e+15  7.34692e+15 -6.28743e+12 -6.28737e+12  6.28760e+12
  300.00  1.35471  5.88340e+15  5.88340e+15  5.88340e+15 -5.80786e+13 -5.80786e+13  5.80787e+13
  300.00  1.37876  5.33146e+15  5.33146e+15  5.33146e+15 -7.54661e+13 -7.54661e+13  7.54662e+13
  300.00  1.40281  5.24413e+15  5.24413e+15  5.24413e+15 -1.56092e+14 -1.56092e+14  1.56092e+14
  300.00  1.42685  4.61631e+15  4.61631e+15  4.61631e+15 -2.13333e+14 -2.13332e+14  2.13333e+14
  300.00  1.45090  3.34034e+15  3.34034e+15  3.34034e+15 -9.75604e+13 -9.75603e+13  9.75604e+13
  300.00  1.47495  2.72522e+15  2.72522e+15  2.72522e+15  1.47957e+14  1.47957e+14 -1.47957e+14
  300.00  1.49900  3.34620e+15  3.34620e+15  3.34620e+15  2.49215e+14  2.49215e+14 -2.49215e+14
  300.00  1.52305  4.26257e+15  4.26257e+15  4.26257e+15  1.59546e+14  1.59546e+14 -1.59546e+14
  300.00  1.54709  4.70550e+15  4.70550e+15  4.70550e+15  6.25770e+13  6.25770e+13 -6.25771e+13
  300.00  1.57114  4.51332e+15  4.51332e+15  4.51332e+15 -4.94496e+12 -4.94500e+12  4.94483e+12
  300.00  1.59519  3.83791e+15  3.83791e+15  3.83791e+15 -4.34975e+13 -4.34976e+13  4.34974e+13
  300.00  1.61924  3.26860e+15  3.26860e+15  3.26860e+15  3.60204e+13  3.60204e+13 -3.60204e+13
  300.00  1.64329  3.44232e+15  3.44232e+15  3.44232e+15  2.06790e+14  2.06790e+14 -2.06790e+14
  300.00  1.66733  4.11071e+15  4.11071e+15  4.11071e+15  2.73269e+14  2.73269e+14 -2.73269e+14
  300.00  1.69138  4.72985e+15  4.72985e+15  4.72985e+15  7.57037e+13  7.57037e+13 -7.57039e+13
  300.00  1.71543  5.48727e+15  5.48727e+15  5.48727e+15 -1.60231e+14 -1.60231e+14  1.60231e+14
  300.00  1.73948  6.19150e+15  6.19150e+15  6.19150e+15 -1.91301e+13 -1.91303e+13  1.91301e+13
  300.00  1.76353  6.45989e+15  6.45989e+15  6.45989e+15  3.44810e+14  3.44810e+14 -3.44810e+14
  300.00  1.78758  6.71719e+15  6.71719e+15  6.71719e+15  3.78073e+14  3.78073e+14 -3.78073e+14
  300.00  1.81162  7.10522e+15  7.10522e+15  7.10522e+15  5.77399e+13  5.77401e+13 -5.77399e+13
  300.00  1.83567  7.17545e+15  7.17545e+15  7.17545e+15 -1.54404e+14 -1.54404e+14  1.54404e+14
  300.00  1.85972  6.54071e+15  6.54071e+15  6.54071e+15 -9.10825e+13 -9.10827e+13  9.10825e+13
  300.00  1.88377  6.25779e+15  6.25779e+15  6.25779e+15  4.66717e+13  4.66717e+13 -4.66718e+13
  300.00  1.90782  7.27627e+15  7.27627e+15  7.27627e+15  6.74434e+13  6.74434e+13 -6.74435e+13
  300.00  1.93186  8.28348e+15  8.28348e+15  8.28348e+15  1.54837e+13  1.54837e+13 -1.54837e+13
  300.00  1.95591  8.52379e+15  8.52378e+15  8.52378e+15 -2.78185e+13 -2.78186e+13  2.78185e+13
  300.00  1.97996  8.20909e+15  8.20909e+15  8.20909e+15 -1.73469e+12 -1.73481e+12  1.73474e+12
  300.00  2.00401  7.32638e+15  7.32638e+15  7.32638e+15  5.61889e+13  5.61889e+13 -5.61888e+13
  300.00  2.02806  6.91097e+15  6.91097e+15  6.91097e+15 -7.35291e+12 -7.35284e+12  7.35297e+12
  300.00  2.05210  7.79467e+15  7.79467e+15  7.79467e+15 -1.83965e+14 -1.83964e+14  1.83964e+14
  300.00  2.07615  9.03906e+15  9.03906e+15  9.03905e+15 -2.91243e+14 -2.91243e+14  2.91243e+14
  300.00  2.10020  9.00771e+15  9.00771e+15  9.00770e+15 -1.69576e+14 -1.69576e+14  1.69576e+14
  300.00  2.12425  7.21454e+15  7.21454e+15  7.21454e+15 -4.43615e+13 -4.43617e+13  4.43615e+13
  300.00  2.14830  5.48479e+15  5.48479e+15  5.48479e+15 -1.65862e+14 -1.65862e+14  1.65861e+14
  300.00  2.17234  5.16661e+15  5.16661e+15  5.16661e+15 -2.45480e+14 -2.45480e+14  2.45480e+14
  300.00  2.19639  6.10712e+15  6.10712e+15  6.10712e+15 -5.06670e+13 -5.06666e+13  5.06670e+13
  300.00  2.22044  7.63178e+15  7.63178e+15  7.63178e+15  1.59353e+13  1.59355e+13 -1.59352e+13
  300.00  2.24449  8.38298e+15  8.38298e+15  8.38298e+15 -7.91865e+13 -7.91865e+13  7.91867e+13
  300.00  2.26854  8.14763e+15  8.14763e+15  8.14763e+15 -1.24121e+14 -1.24121e+14  1.24121e+14
  300.00  2.29259  8.07202e+15  8.07202e+15  8.07202e+15 -1.24122e+14 -1.24122e+14  1.24122e+14
  300.00  2.31663  8.37554e+15  8.37554e+15  8.37554e+15 -1.78643e+14 -1.78643e+14  1.78643e+14
  300.00  2.34068  8.27021e+15  8.27021e+15  8.27021e+15 -1.63286e+14 -1.63286e+14  1.63285e+14
  300.00  2.36473  7.92533e+15  7.92533e+15  7.92533e+15  9.60728e+13  9.60728e+13 -9.60728e+13
  300.00  2.38878  8.51780e+15  8.51780e+15  8.51780e+15  2.42599e+14  2.42598e+14 -2.42598e+14
  300.00  2.41283  1.00717e+16  1.00717e+16  1.00717e+16  1.53227e+14  1.53227e+14 -1.53226e+14
  300.00  2.43687  1.03236e+16  1.03236e+16  1.03236e+16  1.22882e+14  1.22882e+14 -1.22882e+14
  300.00  2.46092  8.39233e+15  8.39233e+15  8.39233e+15  9.87055e+13  9.87057e+13 -9.87059e+13
  300.00  2.48497  6.93170e+15  6.93170e+15  6.93170e+15 -5.72782e+13 -5.72782e+13  5.72781e+13
  300.00  2.50902  7.78232e+15  7.78231e+15  7.78232e+15 -7.93272e+13 -7.93275e+13  7.93273e+13
  300.00  2.53307  8.80234e+15  8.80234e+15  8.80234e+15  1.02563e+14  1.02563e+14 -1.02563e+14
  300.00  2.55711  8.52186e+15  8.52186e+15  8.52186e+15  2.16227e+14  2.16227e+14 -2.16227e+14
  300.00  2.58116  7.62564e+15  7.62564e+15  7.62564e+15  2.23032e+14  2.23033e+14 -2.23033e+14
  300.00  2.60521  6.72464e+15  6.72464e+15  6.72464e+15  1.71083e+14  1.71083e+14 -1.71083e+14
  300.00  2.62926  5.70989e+15  5.70989e+15  5.70989e+15  4.57691e+13  4.57690e+13 -4.57691e+13
  300.00  2.65331  4.50081e+15  4.50081e+15  4.50081e+15 -8.27267e+13 -8.27268e+13  8.27268e+13
  300.00  2.67735  4.17276e+15  4.17276e+15  4.17276e+15 -7.06670e+13 -7.06669e+13  7.06671e+13
  300.00  2.70140  5.19181e+15  5.19181e+15  5.19181e+15  1.97921e+13  1.97924e+13 -1.97922e+13
  300.00  2.72545  6.44299e+15  6.44299e+15  6.44299e+15  7.31413e+13  7.31414e+13 -7.31413e+13
  300.00  2.74950  6.98410e+15  6.98410e+15  6.98410e+15  9.60684e+13  9.60683e+13 -9.60684e+13
  300.00  2.77355  6.08454e+15  6.08454e+15  6.08454e+15  1.06171e+14  1.06171e+14 -1.06171e+14
  300.00  2.79760  4.55057e+15  4.55057e+15  4.55057e+15  8.40134e+13  8.40132e+13 -8.40133e+13
  300.00  2.82164  4.57301e+15  4.57300e+15  4.57301e+15  4.14683e+13  4.14684e+13 -4.14683e+13
  300.00  2.84569  6.14621e+15  6.14621e+15  6.14621e+15 -4.53567e+12 -4.53557e+12  4.53566e+12
  300.00  2.86974  7.43718e+15  7.43718e+15  7.43718e+15 -4.31455e+13 -4.31455e+13  4.31455e+13
  300.00  2.89379  7.97767e+15  7.97767e+15  7.97767e+15  1.21297e+13  1.21296e+13 -1.21296e+13
  300.00  2.91784  8.40074e+15  8.40074e+15  8.40074e+15  9.10366e+13  9.10364e+13 -9.10364e+13
  300.00  2.94188  8.55060e+15  8.55060e+15  8.55060e+15  1.09009e+14  1.09009e+14 -1.09009e+14
  300.00  2.96593  7.47661e+15  7.47661e+15  7.47661e+15  1.13594e+14  1.13594e+14 -1.13594e+14
  300.00  2.98998  5.77532e+15  5.77532e+15  5.77532e+15  8.92110e+13  8.92111e+13 -8.92111e+13
  300.00  3.01403  6.30245e+15  6.30245e+15  6.30245e+15  8.85517e+13  8.85518e+13 -8.85516e+13
  300.00  3.03808  8.43373e+15  8.43373e+15  8.43373e+15  2.09387e+14  2.09387e+14 -2.09387e+14
  300.00  3.06212  9.66983e+15  9.66983e+15  9.66983e+15  1.99546e+14  1.99546e+14 -1.99546e+14
  300.00  3.08617  1.03085e+16  1.03085e+16  1.03085e+16 -6.01932e+13 -6.01932e+13  6.01931e+13
  300.00  3.11022  1.05630e+16  1.05630e+16  1.05630e+16 -1.74491e+14 -1.74491e+14  1.74491e+14
  300.00  3.13427  9.61670e+15  9.61670e+15  9.61670e+15 -6.01095e+13 -6.01093e+13  6.01095e+13
  300.00  3.15832  8.19741e+15  8.19741e+15  8.19741e+15 -5.88468e+13 -5.88470e+13  5.88471e+13
  300.00  3.18236  8.18289e+15  8.18289e+15  8.18289e+15 -3.17710e+14 -3.17710e+14  3.17710e+14
  300.00  3.20641  9.65771e+15  9.65771e+15  9.65771e+15 -2.91405e+14 -2.91405e+14  2.91405e+14
  300.00  3.23046  1.08643e+16  1.08643e+16  1.08643e+16  2.74012e+14  2.74013e+14 -2.74013e+14
  300.00  3.25451  1.05562e+16  1.05562e+16  1.05562e+16  5.71013e+14  5.71013e+14 -5.71013e+14
  300.00  3.27856  9.14811e+15  9.14811e+15  9.14811e+15  2.14757e+14  2.14757e+14 -2.14757e+14
  300.00  3.30261  8.37846e+15  8.37846e+15  8.37846e+15 -1.35193e+14 -1.35193e+14  1.35193e+14
  300.00  3.32665  8.64249e+15  8.64249e+15  8.64249e+15  4.50773e+13  4.50769e+13 -4.50772e+13
  300.00  3.35070  8.70887e+15  8.70887e+15  8.70887e+15  3.13147e+14  3.13147e+14 -3.13147e+14
  300.00  3.37475  7.81554e+15  7.81554e+15  7.81554e+15  1.31796e+14  1.31796e+14 -1.31796e+14
  300.00  3.39880  6.78456e+15  6.78456e+15  6.78456e+15 -5.20286e+13 -5.20284e+13  5.20286e+13
  300.00  3.42285  7.23459e+15  7.23459e+15  7.23459e+15  2.40959e+14  2.40959e+14 -2.40959e+14
  300.00  3.44689  8.04555e+15  8.04555e+15  8.04555e+15  5.73896e+14  5.73896e+14 -5.73896e+14
  300.00  3.47094  7.84354e+15  7.84354e+15  7.84354e+15  5.87155e+14  5.87155e+14 -5.87155e+14
  300.00  3.49499  7.19336e+15  7.19336e+15  7.19336e+15  2.72763e+14  2.72763e+14 -2.72763e+14
  300.00  3.51904  6.50033e+15  6.50033e+15  6.50033e+15 -9.08934e+13 -9.08933e+13  9.08933e+13
  300.00  3.54309  5.94145e+15  5.94145e+15  5.94145e+15 -1.95665e+14 -1.95665e+14  1.95665e+14
  300.00  3.56713  5.88494e+15  5.88494e+15  5.88494e+15 -7.60695e+13 -7.60695e+13  7.60695e+13
  300.00  3.59118  6.09291e+15  6.09291e+15  6.09291e+15 -1.51986e+12 -1.51996e+12  1.51996e+12
  300.00  3.61523  6.50630e+15  6.50630e+15  6.50630e+15 -3.84720e+13 -3.84720e+13  3.84720e+13
  300.00  3.63928  7.57111e+15  7.57111e+15  7.57111e+15 -8.51414e+13 -8.51413e+13  8.51414e+13
  300.00  3.66333  8.23136e+15  8.23136e+15  8.23136e+15 -9.34893e+13 -9.34891e+13  9.34892e+13
  300.00  3.68737  8.69816e+15  8.69816e+15  8.69816e+15 -2.20225e+14 -2.20225e+14  2.20225e+14
  300.00  3.71142  8.81816e+15  8.81816e+15  8.81816e+15 -4.87683e+14 -4.87683e+14  4.87683e+14
  300.00  3.73547  7.51229e+15  7.51229e+15  7.51229e+15 -6.07788e+14 -6.07788e+14  6.07788e+14
  300.00  3.75952  6.13015e+15  6.13015e+15  6.13014e+15 -2.82557e+14 -2.82557e+14  2.82557e+14
  300.00  3.78357  6.30490e+15  6.30490e+15  6.30490e+15  1.86869e+14  1.86869e+14 -1.86869e+14
  300.00  3.80762  7.38160e+15  7.38160e+15  7.38160e+15  2.95468e+14  2.95468e+14 -2.95468e+14
  300.00  3.83166  8.26699e+15  8.26699e+15  8.26699e+15  3.47510e+13  3.47511e+13 -3.47510e+13
  300.00  3.85571  9.14665e+15  9.14665e+15  9.14665e+15 -2.03235e+14 -2.03235e+14  2.03234e+14
  300.00  3.87976  1.01990e+16  1.01990e+16  1.01990e+16 -5.01109e+13 -5.01110e+13  5.01108e+13
  300.00  3.90381  1.00424e+16  1.00424e+16  1.00424e+16  2.31945e+14  2.31945e+14 -2.31945e+14
  300.00  3.92786  7.74148e+15  7.74148e+15  7.74148e+15  2.30257e+14  2.30257e+14 -2.30257e+14
  300.00  3.95190  5.07544e+15  5.07544e+15  5.07544e+15  9.71981e+12  9.71972e+12 -9.71966e+12
  300.00  3.97595  4.87310e+15  4.87310e+15  4.87310e+15 -7.23492e+13 -7.23494e+13  7.23492e+13
  300.00  4.00000  7.23444e+15  7.23444e+15  7.23444e+15  1.17120e+13  1.17119e+13 -1.17119e+13
