  300.00 -8.00000  1.22187e+15  1.22187e+15  1.22187e+15 -3.83800e+13 -3.83800e+13  3.83801e+13
  300.00 -7.97595  1.22718e+15  1.22718e+15  1.22718e+15 -5.23949e+13 -5.23949e+13  5.23949e+13
  300.00 -7.95190  1.24072e+15  1.24072e+15  1.24072e+15 -5.59631e+13 -5.59631e+13  5.59630e+13
  300.00 -7.92786  1.14668e+15  1.14668e+15  1.14668e+15 -5.06522e+13 -5.06521e+13  5.06520e+13
  300.00 -7.90381  9.26896e+14  9.26896e+14  9.26896e+14 -3.50769e+13 -3.50768e+13  3.50768e+13
  300.00 -7.87976  7.69064e+14  7.69064e+14  7.69064e+14 -4.34989e+12 -4.34984e+12  4.34985e+12
  300.00 -7.85571  8.36905e+14  8.36905e+14  8.36905e+14  3.18593e+13  3.18592e+13 -3.18592e+13
  300.00 -7.83166  1.10093e+15  1.10093e+15  1.10093e+15  4.79750e+13  4.79749e+13 -4.79749e+13
  300.00 -7.80762  1.31073e+15  1.31073e+15  1.31073e+15  3.07776e+13  3.07777e+13 -3.07777e+13
  300.00 -7.78357  1.43865e+15  1.43865e+15  1.43865e+15 -9.22586e+12 -9.22574e+12  9.22575e+12
  300.00 -7.75952  1.56653e+15  1.56653e+15  1.56653e+15 -4.45110e+13 -4.45110e+13  4.45110e+13
  300.00 -7.73547  1.54635e+15  1.54635e+15  1.54635e+15 -4.15776e+13 -4.15776e+13  4.15776e+13
  300.00 -7.71142  1.37037e+15  1.37037e+15  1.37037e+15  2.08655e+12  2.08654e+12 -2.08651e+12
  300.00 -7.68737  1.25086e+15  1.25086e+15  1.25086e+15  4.66854e+13  4.66855e+13 -4.66855e+13
  300.00 -7.66333  1.42003e+15  1.42003e+15  1.42003e+15  4.32168e+13  4.32169e+13 -4.32169e+13
  300.00 -7.63928  1.74102e+15  1.74102e+15  1.74102e+15 -4.98139e+12 -4.98136e+12  4.98127e+12
  300.00 -7.61523  1.76041e+15  1.76041e+15  1.76041e+15 -5.96170e+13 -5.96171e+13  5.96170e+13
  300.00 -7.59118  1.45017e+15  1.45017e+15  1.45017e+15 -6.38828e+13 -6.38829e+13  6.38829e+13
  300.00 -7.56713  1.24152e+15  1.24152e+15  1.24152e+15 -1.34622e+13 -1.34622e+13  1.34623e+13
  300.00 -7.54309  1.35785e+15  1.35785e+15  1.35785e+15  3.15628e+13  3.15628e+13 -3.15628e+13
  300.00 -7.51904  1.54743e+15  1.54743e+15  1.54743e+15  1.87964e+13  1.87963e+13 -1.87964e+13
  300.00 -7.49499  1.56076e+15  1.56076e+15  1.56076e+15 -2.39298e+13 -2.39298e+13  2.39297e+13
  300.00 -7.47094  1.37381e+15  1.37381e+15  1.37381e+15 -6.06198e+13 -6.06198e+13  6.06197e+13
  300.00 -7.44689  1.15007e+15  1.15007e+15  1.15007e+15 -6.42854e+13 -6.42853e+13  6.42853e+13
  300.00 -7.42285  1.03254e+15  1.03254e+15  1.03254e+15 -1.91734e+13 -1.91734e+13  1.91734e+13
  300.00 -7.39880  1.07155e+15  1.07155e+15  1.07155e+15  2.87760e+13  2.87759e+13 -2.87760e+13
  300.00 -7.37475  1.27408e+15  1.27408e+15  1.27408e+15  3.71813e+13  3.71812e+13 -3.71812e+13
  300.00 -7.35070  1.56633e+15  1.56633e+15  1.56633e+15  2.63171e+13  2.63171e+13 -2.63170e+13
  300.00 -7.32665  1.78321e+15  1.78321e+15  1.78321e+15  2.27488e+13  2.27489e+13 -2.27488e+13
  300.00 -7.30261  1.89010e+15  1.89010e+15  1.89010e+15  7.74497e+12  7.74508e+12 -7.74499e+12
  300.00 -7.27856  1.92110e+15  1.92110e+15  1.92110e+15 -2.18479e+13 -2.18479e+13  2.18478e+13
  300.00 -7.25451  1.78236e+15  1.78236e+15  1.78236e+15 -2.97247e+13 -2.97248e+13  2.97247e+13
  300.00 -7.23046  1.54464e+15  1.54464e+15  1.54464e+15  4.58938e+12  4.58930e+12 -4.58932e+12
  300.00 -7.20641  1.60093e+15  1.60093e+15  1.60093e+15  4.35568e+13  4.35568e+13 -4.35568e+13
  300.00 -7.18236  1.94308e+15  1.94308e+15  1.94308e+15  4.29621e+13  4.29622e+13 -4.29620e+13
  300.00 -7.15832  2.15369e+15  2.15369e+15  2.15369e+15  1.74270e+13  1.74271e+13 -1.74270e+13
  300.00 -7.13427  2.16362e+15  2.16362e+15  2.16362e+15 -2.08336e+12 -2.08337e+12  2.08330e+12
  300.00 -7.11022  2.06614e+15  2.06614e+15  2.06614e+15 -1.17799e+13 -1.17800e+13  1.17799e+13
  300.00 -7.08617  1.98499e+15  1.98499e+15  1.98499e+15 -1.17016e+13 -1.17017e+13  1.17017e+13
  300.00 -7.06212  2.08860e+15  2.08860e+15  2.08860e+15 -3.66669e+12 -3.66674e+12  3.66681e+12
  300.00 -7.03808  2.16164e+15  2.16164e+15  2.16164e+15  2.74291e+12  2.74285e+12 -2.74284e+12
  300.00 -7.01403  1.94026e+15  1.94026e+15  1.94026e+15  1.03106e+13  1.03105e+13 -1.03106e+13
  300.00 -6.98998  1.57489e+15  1.57489e+15  1.57489e+15  6.23079e+12  6.23087e+12 -6.23095e+12
  300.00 -6.96593  1.61126e+15  1.61126e+15  1.61126e+15 -6.00653e+12 -6.00653e+12  6.00644e+12
  300.00 -6.94188  2.13080e+15  2.13080e+15  2.13080e+15 -6.83794e+12 -6.83812e+12  6.83809e+12
  300.00 -6.91784  2.45781e+15  2.45781e+15  2.45781e+15  5.05883e+12  5.05868e+12 -5.05863e+12
  300.00 -6.89379  2.25767e+15  2.25767e+15  2.25767e+15  1.90735e+13  1.90735e+13 -1.90734e+13
  300.00 -6.86974  1.89457e+15  1.89457e+15  1.89457e+15  1.79281e+13  1.79282e+13 -1.79282e+13
  300.00 -6.84569  1.82984e+15  1.82984e+15  1.82984e+15  3.96331e+12  3.96337e+12 -3.96341e+12
  300.00 -6.82164  2.13544e+15  2.13544e+15  2.13544e+15  7.31559e+12  7.31555e+12 -7.31559e+12
  300.00 -6.79760  2.64264e+15  2.64264e+15  2.64264e+15  1.29323e+13  1.29323e+13 -1.29323e+13
  300.00 -6.77355  3.00909e+15  3.00909e+15  3.00909e+15  5.76286e+12  5.76289e+12 -5.76280e+12
  300.00 -6.74950  2.93511e+15  2.93511e+15  2.93511e+15 -7.74755e+12 -7.74758e+12  7.74759e+12
  300.00 -6.72545  2.52842e+15  2.52842e+15  2.52842e+15 -2.17200e+13 -2.17201e+13  2.17200e+13
  300.00 -6.70140  2.14164e+15  2.14164e+15  2.14164e+15 -2.56217e+12 -2.56212e+12  2.56211e+12
  300.00 -6.67735  2.06029e+15  2.06029e+15  2.06029e+15  3.02581e+13  3.02582e+13 -3.02581e+13
  300.00 -6.65331  2.42213e+15  2.42213e+15  2.42213e+15  1.78738e+13  1.78738e+13 -1.78738e+13
  300.00 -6.62926  2.90991e+15  2.90991e+15  2.90991e+15 -1.38252e+13 -1.38253e+13  1.38252e+13
  300.00 -6.60521  3.08603e+15  3.08603e+15  3.08603e+15 -3.42114e+13 -3.42115e+13  3.42114e+13
  300.00 -6.58116  2.95527e+15  2.95527e+15  2.95527e+15 -3.34708e+13 -3.34708e+13  3.34708e+13
  300.00 -6.55711  2.88692e+15  2.88692e+15  2.88692e+15 -1.38778e+13 -1.38778e+13  1.38778e+13
  300.00 -6.53307  2.88831e+15  2.88831e+15  2.88831e+15  8.78133e+12  8.78135e+12 -8.78128e+12
  300.00 -6.50902  2.75231e+15  2.75231e+15  2.75231e+15  1.06020e+13  1.06020e+13 -1.06019e+13
  300.00 -6.48497  2.63358e+15  2.63358e+15  2.63358e+15 -7.56820e+12 -7.56832e+12  7.56827e+12
  300.00 -6.46092  2.72372e+15  2.72372e+15  2.72372e+15 -9.69455e+12 -9.69470e+12  9.69456e+12
  300.00 -6.43687  2.85383e+15  2.85383e+15  2.85383e+15  1.27927e+13  1.27927e+13 -1.27927e+13
  300.00 -6.41283  2.88742e+15  2.88742e+15  2.88742e+15  1.29073e+13  1.29075e+13 -1.29074e+13
  300.00 -6.38878  2.84397e+15  2.84397e+15  2.84397e+15 -1.27495e+13 -1.27494e+13  1.27495e+13
  300.00 -6.36473  2.95360e+15  2.95360e+15  2.95360e+15 -8.71205e+12 -8.71211e+12  8.71210e+12
  300.00 -6.34068  3.24710e+15  3.24710e+15  3.24710e+15  1.66934e+13  1.66933e+13 -1.66933e+13
  300.00 -6.31663  3.33999e+15  3.33999e+15  3.33999e+15  2.12603e+13  2.12603e+13 -2.12603e+13
  300.00 -6.29259  3.06032e+15  3.06032e+15  3.06032e+15  1.30676e+13  1.30676e+13 -1.30676e+13
  300.00 -6.26854  2.78631e+15  2.78631e+15  2.78631e+15  8.29427e+12  8.29430e+12 -8.29435e+12
  300.00 -6.24449  2.81187e+15  2.81187e+15  2.81187e+15  3.59890e+12  3.59885e+12 -3.59882e+12
  300.00 -6.22044  2.98976e+15  2.98976e+15  2.98976e+15 -7.88292e+11 -7.88369e+11  7.88448e+11
  300.00 -6.19639  3.15804e+15  3.15804e+15  3.15804e+15 -3.70651e+12 -3.70648e+12  3.70650e+12
  300.00 -6.17234  3.36690e+15  3.36690e+15  3.36690e+15 -4.85087e+12 -4.85077e+12  4.85075e+12
  300.00 -6.14830  3.61573e+15  3.61573e+15  3.61573e+15  9.70327e+11  9.70359e+11 -9.70390e+11
  300.00 -6.12425  3.61712e+15  3.61712e+15  3.61712e+15  1.42011e+13  1.42011e+13 -1.42011e+13
  300.00 -6.10020  3.18331e+15  3.18331e+15  3.18331e+15  1.40653e+13  1.40653e+13 -1.40653e+13
  300.00 -6.07615  2.98929e+15  2.98929e+15  2.98929e+15 -1.42099e+13 -1.42099e+13  1.42099e+13
  300.00 -6.05210  3.43039e+15  3.43039e+15  3.43039e+15 -2.84949e+13 -2.84949e+13  2.84950e+13
  300.00 -6.02806  3.71899e+15  3.71899e+15  3.71899e+15 -1.35586e+13 -1.35586e+13  1.35587e+13
  300.00 -6.00401  3.51333e+15  3.51333e+15  3.51333e+15  4.25367e+12  4.25364e+12 -4.25369e+12
  300.00 -5.97996  3.41045e+15  3.41045e+15  3.41045e+15  1.07076e+13  1.07075e+13 -1.07076e+13
  300.00 -5.95591  3.58249e+15  3.58249e+15  3.58249e+15 -3.77572e+11 -3.77596e+11  3.77589e+11
  300.00 -5.93186  3.58209e+15  3.58209e+15  3.58209e+15 -7.99226e+12 -7.99225e+12  7.99230e+12
  300.00 -5.90782  3.29868e+15  3.29868e+15  3.29868e+15 -1.21175e+12 -1.21176e+12  1.21180e+12
  300.00 -5.88377  3.08098e+15  3.08098e+15  3.08098e+15 -8.94828e+10 -8.95100e+10  8.94910e+10
  300.00 -5.85972  3.07799e+15  3.07799e+15  3.07799e+15 -3.26464e+12 -3.26465e+12  3.26456e+12
  300.00 -5.83567  3.22941e+15  3.22941e+15  3.22941e+15 -4.01574e+12 -4.01578e+12  4.01572e+12
  300.00 -5.81162  3.57189e+15  3.57189e+15  3.57189e+15 -4.42549e+12 -4.42558e+12  4.42558e+12
  300.00 -5.78758  3.80661e+15  3.80661e+15  3.80661e+15 -1.29366e+12 -1.29374e+12  1.29371e+12
  300.00 -5.76353  3.64501e+15  3.64501e+15  3.64501e+15  6.03255e+12  6.03254e+12 -6.03254e+12
  300.00 -5.73948  3.28177e+15  3.28177e+15  3.28177e+15  7.53636e+12  7.53643e+12 -7.53634e+12
  300.00 -5.71543  3.04431e+15  3.04431e+15  3.04431e+15 -1.01318e+12 -1.01313e+12  1.01322e+12
  300.00 -5.69138  3.13443e+15  3.13443e+15  3.13443e+15 -2.04156e+12 -2.04164e+12  2.04163e+12
  300.00 -5.66733  3.41044e+15  3.41044e+15  3.41044e+15 -4.40055e+12 -4.40063e+12  4.40053e+12
  300.00 -5.64329  3.55238e+15  3.55238e+15  3.55238e+15 -1.04692e+13 -1.04691e+13  1.04691e+13
  300.00 -5.61924  3.47076e+15  3.47076e+15  3.47076e+15 -5.43886e+12 -5.43877e+12  5.43875e+12
  300.00 -5.59519  3.34475e+15  3.34475e+15  3.34475e+15  4.81011e+12  4.81012e+12 -4.81009e+12
  300.00 -5.57114  3.37556e+15  3.37556e+15  3.37556e+15  9.15688e+12  9.15682e+12 -9.15679e+12
  300.00 -5.54709  3.29788e+15  3.29788e+15  3.29788e+15  1.72574e+12  1.72572e+12 -1.72570e+12
  300.00 -5.52305  2.97693e+15  2.97693e+15  2.97693e+15 -7.56838e+12 -7.56838e+12  7.56838e+12
  300.00 -5.49900  2.77446e+15  2.77446e+15  2.77446e+15 -7.65009e+12 -7.65011e+12  7.65004e+12
  300.00 -5.47495  2.87443e+15  2.87443e+15  2.87443e+15  1.00879e+12  1.00876e+12 -1.00886e+12
  300.00 -5.45090  3.02683e+15  3.02683e+15  3.02683e+15  6.50815e+12  6.50811e+12 -6.50821e+12
  300.00 -5.42685  3.12851e+15  3.12851e+15  3.12851e+15  1.93498e+12  1.93490e+12 -1.93500e+12
  300.00 -5.40281  3.11068e+15  3.11068e+15  3.11068e+15 -1.94773e+12 -1.94778e+12  1.94777e+12
  300.00 -5.37876  2.92813e+15  2.92813e+15  2.92813e+15  6.75464e+11  6.75463e+11 -6.75425e+11
  300.00 -5.35471  2.69601e+15  2.69601e+15  2.69601e+15  3.32080e+12  3.32087e+12 -3.32088e+12
  300.00 -5.33066  2.52445e+15  2.52445e+15  2.52445e+15  4.24838e+12  4.24844e+12 -4.24850e+12
  300.00 -5.30661  2.58512e+15  2.58512e+15  2.58512e+15  7.01564e+12  7.01558e+12 -7.01564e+12
  300.00 -5.28257  2.81125e+15  2.81125e+15  2.81125e+15  4.22652e+12  4.22641e+12 -4.22641e+12
  300.00 -5.25852  2.98242e+15  2.98242e+15  2.98242e+15 -9.32564e+12 -9.32571e+12  9.32577e+12
  300.00 -5.23447  3.10392e+15  3.10392e+15  3.10392e+15 -1.15417e+13 -1.15417e+13  1.15418e+13
  300.00 -5.21042  3.16156e+15  3.16156e+15  3.16156e+15 -1.38815e+12 -1.38807e+12  1.38806e+12
  300.00 -5.18637  2.90768e+15  2.90768e+15  2.90768e+15  4.71595e+12  4.71598e+12 -4.71605e+12
  300.00 -5.16232  2.52390e+15  2.52390e+15  2.52390e+15  2.26697e+12  2.26698e+12 -2.26698e+12
  300.00 -5.13828  2.41744e+15  2.41744e+15  2.41744e+15 -2.31809e+12 -2.31804e+12  2.31814e+12
  300.00 -5.11423  2.59870e+15  2.59870e+15  2.59870e+15 -7.78535e+12 -7.78526e+12  7.78535e+12
  300.00 -5.09018  3.08171e+15  3.08171e+15  3.08171e+15 -1.55125e+13 -1.55125e+13  1.55125e+13
  300.00 -5.06613  3.49156e+15  3.49156e+15  3.49156e+15 -1.33158e+13 -1.33159e+13  1.33158e+13
  300.00 -5.04208  3.36727e+15  3.36727e+15  3.36727e+15 -4.95013e+12 -4.95018e+12  4.95007e+12
  300.00 -5.01804  3.00254e+15  3.00254e+15  3.00254e+15 -1.72272e+12 -1.72269e+12  1.72266e+12
  300.00 -4.99399  2.83344e+15  2.83344e+15  2.83344e+15 -8.58772e+12 -8.58760e+12  8.58770e+12
  300.00 -4.96994  2.89200e+15  2.89201e+15  2.89201e+15 -1.45686e+13 -1.45685e+13  1.45686e+13
  300.00 -4.94589  3.07915e+15  3.07916e+15  3.07915e+15 -1.31346e+13 -1.31346e+13  1.31346e+13
  300.00 -4.92184  3.08267e+15  3.08269e+15  3.08268e+15 -1.16721e+13 -1.16722e+13  1.16721e+13
  300.00 -4.89780  2.87819e+15  2.87822e+15  2.87821e+15 -5.60547e+12 -5.60552e+12  5.60548e+12
  300.00 -4.87375  3.00091e+15  3.00098e+15  3.00096e+15 -4.37443e+11 -4.37356e+11  4.37435e+11
  300.00 -4.84970  3.30424e+15  3.30440e+15  3.30435e+15 -1.15238e+13 -1.15237e+13  1.15238e+13
  300.00 -4.82565  3.20381e+15  3.20414e+15  3.20403e+15 -2.58778e+13 -2.58779e+13  2.58779e+13
  300.00 -4.80160  2.69642e+15  2.69711e+15  2.69688e+15 -2.19314e+13 -2.19315e+13  2.19315e+13
  300.00 -4.77756  2.45140e+15  2.45282e+15  2.45234e+15 -2.83590e+12 -2.83595e+12  2.83596e+12
  300.00 -4.75351  2.74614e+15  2.74895e+15  2.74800e+15  7.30238e+12  7.30238e+12 -7.30236e+12
  300.00 -4.72946  3.26384e+15  3.26922e+15  3.26740e+15  4.76707e+12  4.76708e+12 -4.76706e+12
  300.00 -4.70541  3.61734e+15  3.62718e+15  3.62386e+15 -2.75253e+12 -2.75251e+12  2.75251e+12
  300.00 -4.68136  3.57902e+15  3.59574e+15  3.59009e+15 -1.09052e+13 -1.09051e+13  1.09051e+13
  300.00 -4.65731  3.26857e+15  3.29394e+15  3.28537e+15 -1.73788e+13 -1.73787e+13  1.73788e+13
  300.00 -4.63327  3.01614e+15  3.04753e+15  3.03693e+15 -9.49183e+12 -9.49181e+12  9.49191e+12
  300.00 -4.60922  3.16052e+15  3.18620e+15  3.17753e+15  6.79674e+12  6.79677e+12 -6.79667e+12
  300.00 -4.58517  3.49907e+15  3.50628e+15  3.50384e+15  1.00474e+13  1.00474e+13 -1.00473e+13
  300.00 -4.56112  3.62222e+15  3.62341e+15  3.62301e+15  6.48326e+12  6.48333e+12 -6.48334e+12
  300.00 -4.53707  3.65391e+15  3.67209e+15  3.66595e+15  4.99967e+12  4.99977e+12 -4.99982e+12
  300.00 -4.51303  3.74438e+15  3.77524e+15  3.76482e+15  7.50904e+11  7.50971e+11 -7.51005e+11
  300.00 -4.48898  3.71932e+15  3.74813e+15  3.73840e+15 -8.09527e+12 -8.09529e+12  8.09530e+12
  300.00 -4.46493  3.62530e+15  3.64575e+15  3.63884e+15 -6.63953e+12 -6.63952e+12  6.63959e+12
  300.00 -4.44088  3.66897e+15  3.68153e+15  3.67728e+15  5.00695e+12  5.00705e+12 -5.00699e+12
  300.00 -4.41683  3.67460e+15  3.68167e+15  3.67928e+15  7.39199e+12  7.39206e+12 -7.39210e+12
  300.00 -4.39279  3.68868e+15  3.69244e+15  3.69117e+15 -8.92828e+11 -8.92796e+11  8.92763e+11
  300.00 -4.36874  3.96555e+15  3.96747e+15  3.96682e+15 -5.69857e+12 -5.69855e+12  5.69855e+12
  300.00 -4.34469  4.28950e+15  4.29045e+15  4.29013e+15 -1.84066e+12 -1.84071e+12  1.84064e+12
  300.00 -4.32064  4.49497e+15  4.49543e+15  4.49527e+15  2.30056e+12  2.30048e+12 -2.30059e+12
  300.00 -4.29659  4.57948e+15  4.57970e+15  4.57962e+15  2.09907e+12  2.09903e+12 -2.09907e+12
  300.00 -4.27255  4.49399e+15  4.49409e+15  4.49406e+15  2.89051e+12  2.89048e+12 -2.89051e+12
  300.00 -4.24850  4.33890e+15  4.33895e+15  4.33894e+15  5.74314e+12  5.74308e+12 -5.74314e+12
  300.00 -4.22445  4.42058e+15  4.42061e+15  4.42060e+15  6.72424e+12  6.72421e+12 -6.72425e+12
  300.00 -4.20040  4.74533e+15  4.74534e+15  4.74533e+15  7.51216e+12  7.51225e+12 -7.51222e+12
  300.00 -4.17635  4.87060e+15  4.87060e+15  4.87060e+15  6.35507e+12  6.35519e+12 -6.35520e+12
  300.00 -4.15230  4.70819e+15  4.70820e+15  4.70820e+15  6.55960e+11  6.55907e+11 -6.56019e+11
  300.00 -4.12826  4.69081e+15  4.69081e+15  4.69081e+15 -6.91743e+12 -6.91765e+12  6.91754e+12
  300.00 -4.10421  4.84615e+15  4.84615e+15  4.84615e+15 -1.02639e+13 -1.02640e+13  1.02639e+13
  300.00 -4.08016  4.95444e+15  4.95444e+15  4.95444e+15  1.66967e+12  1.66977e+12 -1.66987e+12
  300.00 -4.05611  5.09484e+15  5.09484e+15  5.09484e+15  1.77709e+13  1.77711e+13 -1.77713e+13
  300.00 -4.03206  5.04218e+15  5.04218e+15  5.04218e+15  1.40511e+13  1.40515e+13 -1.40517e+13
  300.00 -4.00802  4.56948e+15  4.56948e+15  4.56948e+15 -7.28108e+12 -7.28044e+12  7.28009e+12
  300.00 -3.98397  4.28564e+15  4.28564e+15  4.28564e+15 -2.18169e+13 -2.18158e+13  2.18148e+13
  300.00 -3.95992  4.67094e+15  4.67094e+15  4.67094e+15 -1.39052e+13 -1.39029e+13  1.39009e+13
  300.00 -3.93587  5.08026e+15  5.08026e+15  5.08026e+15 -3.53015e+12 -3.52573e+12  3.52225e+12
  300.00 -3.91182  5.23276e+15  5.23275e+15  5.23276e+15 -5.69397e+11 -5.61696e+11  5.56229e+11
  300.00 -3.88778  5.52719e+15  5.52718e+15  5.52719e+15  6.59735e+12  6.61002e+12 -6.61800e+12
  300.00 -3.86373  5.75383e+15  5.75382e+15  5.75382e+15  1.62171e+13  1.62374e+13 -1.62477e+13
  300.00 -3.83968  5.69361e+15  5.69359e+15  5.69360e+15  8.25584e+12  8.28684e+12 -8.29708e+12
  300.00 -3.81563  5.34727e+15  5.34725e+15  5.34725e+15 -1.81664e+13 -1.81226e+13  1.81166e+13
  300.00 -3.79158  4.97259e+15  4.97257e+15  4.97257e+15 -2.92174e+13 -2.91576e+13  2.91552e+13
  300.00 -3.76754  5.10668e+15  5.10665e+15  5.10665e+15 -4.95938e+12 -4.88525e+12  4.87971e+12
  300.00 -3.74349  5.78602e+15  5.78599e+15  5.78599e+15  2.12414e+13  2.13069e+13 -2.13171e+13
  300.00 -3.71944  6.26306e+15  6.26302e+15  6.26304e+15  2.03058e+13  2.03449e+13 -2.03595e+13
  300.00 -3.69539  6.14734e+15  6.14730e+15  6.14732e+15  3.98817e+12  4.04002e+12 -4.06019e+12
  300.00 -3.67134  6.07940e+15  6.07935e+15  6.07937e+15 -1.09751e+13 -1.08741e+13  1.08530e+13
  300.00 -3.64729  6.30439e+15  6.30434e+15  6.30435e+15 -1.21355e+13 -1.20164e+13  1.19994e+13
  300.00 -3.62325  6.20285e+15  6.20281e+15  6.20282e+15 -1.19801e+13 -1.18938e+13  1.18827e+13
  300.00 -3.59920  5.78600e+15  5.78597e+15  5.78596e+15 -2.41139e+13 -2.40688e+13  2.40571e+13
  300.00 -3.57515  5.59496e+15  5.59493e+15  5.59493e+15 -1.16588e+13 -1.16117e+13  1.15893e+13
  300.00 -3.55110  6.09179e+15  6.09174e+15  6.09175e+15  1.21971e+13  1.22646e+13 -1.22943e+13
  300.00 -3.52705  6.78719e+15  6.78715e+15  6.78716e+15 -2.06164e+12 -1.99560e+12  1.97214e+12
  300.00 -3.50301  6.80112e+15  6.80110e+15  6.80111e+15 -2.44430e+13 -2.43952e+13  2.43834e+13
  300.00 -3.47896  6.11724e+15  6.11723e+15  6.11724e+15 -2.16620e+13 -2.16302e+13  2.16200e+13
  300.00 -3.45491  5.65183e+15  5.65181e+15  5.65182e+15 -6.30771e+10 -3.97057e+10  2.23868e+10
  300.00 -3.43086  6.02945e+15  6.02943e+15  6.02943e+15  2.89493e+12  2.91199e+12 -2.93242e+12
  300.00 -3.40681  6.36432e+15  6.36430e+15  6.36430e+15 -1.53694e+13 -1.53579e+13  1.53407e+13
  300.00 -3.38277  6.00864e+15  6.00863e+15  6.00863e+15 -9.90775e+12 -9.89984e+12  9.88800e+12
  300.00 -3.35872  5.43325e+15  5.43325e+15  5.43324e+15  1.96009e+13  1.96062e+13 -1.96135e+13
  300.00 -3.33467  5.40773e+15  5.40773e+15  5.40773e+15  3.06431e+13  3.06463e+13 -3.06505e+13
  300.00 -3.31062  6.06285e+15  6.06285e+15  6.06285e+15  1.55964e+13  1.55983e+13 -1.56006e+13
  300.00 -3.28657  6.63880e+15  6.63880e+15  6.63880e+15 -1.00103e+13 -1.00092e+13  1.00081e+13
  300.00 -3.26253  6.33485e+15  6.33485e+15  6.33485e+15 -3.66221e+13 -3.66214e+13  3.66209e+13
  300.00 -3.23848  5.41931e+15  5.41931e+15  5.41931e+15 -6.99532e+12 -6.99489e+12  6.99469e+12
  300.00 -3.21443  5.22082e+15  5.22082e+15  5.22082e+15  5.49976e+13  5.49978e+13 -5.49980e+13
  300.00 -3.19038  5.79309e+15  5.79309e+15  5.79309e+15  4.05045e+13  4.05046e+13 -4.05048e+13
  300.00 -3.16633  6.21481e+15  6.21481e+15  6.21481e+15 -1.57424e+13 -1.57424e+13  1.57424e+13
  300.00 -3.14228  6.19228e+15  6.19228e+15  6.19228e+15 -3.44744e+13 -3.44744e+13  3.44745e+13
  300.00 -3.11824  6.03849e+15  6.03849e+15  6.03849e+15 -1.21394e+13 -1.21393e+13  1.21394e+13
  300.00 -3.09419  6.18850e+15  6.18850e+15  6.18850e+15 -8.14558e+12 -8.14545e+12  8.14545e+12
  300.00 -3.07014  6.70592e+15  6.70592e+15  6.70592e+15 -2.54107e+13 -2.54105e+13  2.54103e+13
  300.00 -3.04609  7.01881e+15  7.01881e+15  7.01881e+15 -3.10501e+13 -3.10500e+13  3.10499e+13
  300.00 -3.02204  6.79794e+15  6.79794e+15  6.79794e+15 -1.41098e+13 -1.41098e+13  1.41098e+13
  300.00 -2.99800  6.04014e+15  6.04014e+15  6.04014e+15 -1.79635e+11 -1.79779e+11  1.79887e+11
  300.00 -2.97395  5.54812e+15  5.54812e+15  5.54812e+15  7.42029e+12  7.42017e+12 -7.42006e+12
  300.00 -2.94990  6.14548e+15  6.14548e+15  6.14548e+15  4.39909e+11  4.39918e+11 -4.40015e+11
  300.00 -2.92585  7.08076e+15  7.08076e+15  7.08076e+15 -4.22912e+12 -4.22904e+12  4.22883e+12
  300.00 -2.90180  7.42807e+15  7.42807e+15  7.42807e+15  1.00684e+13  1.00685e+13 -1.00685e+13
  300.00 -2.87776  7.21641e+15  7.21641e+15  7.21641e+15  2.86396e+12  2.86396e+12 -2.86391e+12
  300.00 -2.85371  6.69549e+15  6.69549e+15  6.69549e+15 -2.11094e+13 -2.11096e+13  2.11096e+13
  300.00 -2.82966  6.16658e+15  6.16658e+15  6.16658e+15  3.10794e+12  3.10777e+12 -3.10780e+12
  300.00 -2.80561  5.91293e+15  5.91293e+15  5.91293e+15  4.73843e+13  4.73843e+13 -4.73842e+13
  300.00 -2.78156  5.98426e+15  5.98426e+15  5.98426e+15  5.05115e+13  5.05116e+13 -5.05115e+13
  300.00 -2.75752  6.58721e+15  6.58721e+15  6.58721e+15  1.76385e+13  1.76386e+13 -1.76384e+13
  300.00 -2.73347  7.50785e+15  7.50785e+15  7.50785e+15 -5.32110e+12 -5.32112e+12  5.32118e+12
  300.00 -2.70942  7.80504e+15  7.80504e+15  7.80504e+15  2.09142e+13  2.09141e+13 -2.09143e+13
  300.00 -2.68537  7.01484e+15  7.01484e+15  7.01484e+15  5.03730e+13  5.03729e+13 -5.03730e+13
  300.00 -2.66132  5.94834e+15  5.94834e+15  5.94834e+15  1.91484e+13  1.91485e+13 -1.91485e+13
  300.00 -2.63727  6.10593e+15  6.10593e+15  6.10593e+15 -2.20496e+13 -2.20495e+13  2.20496e+13
  300.00 -2.61323  7.33113e+15  7.33113e+15  7.33113e+15 -1.10370e+13 -1.10370e+13  1.10370e+13
  300.00 -2.58918  8.05494e+15  8.05494e+15  8.05494e+15  2.38647e+13  2.38647e+13 -2.38647e+13
  300.00 -2.56513  7.64078e+15  7.64078e+15  7.64078e+15  3.48635e+13  3.48635e+13 -3.48634e+13
  300.00 -2.54108  6.69591e+15  6.69591e+15  6.69591e+15  1.86494e+13  1.86495e+13 -1.86493e+13
  300.00 -2.51703  6.38901e+15  6.38901e+15  6.38901e+15  1.45849e+13  1.45849e+13 -1.45848e+13
  300.00 -2.49299  6.69954e+15  6.69954e+15  6.69954e+15  1.01111e+13  1.01110e+13 -1.01111e+13
  300.00 -2.46894  6.97583e+15  6.97583e+15  6.97583e+15 -1.95453e+12 -1.95456e+12  1.95442e+12
  300.00 -2.44489  7.07961e+15  7.07961e+15  7.07961e+15  6.70491e+12  6.70499e+12 -6.70494e+12
  300.00 -2.42084  6.85402e+15  6.85402e+15  6.85402e+15  2.30710e+13  2.30712e+13 -2.30710e+13
  300.00 -2.39679  6.47078e+15  6.47078e+15  6.47078e+15  1.76854e+13  1.76855e+13 -1.76854e+13
  300.00 -2.37275  6.54032e+15  6.54032e+15  6.54032e+15  1.64647e+11  1.64628e+11 -1.64612e+11
  300.00 -2.34870  6.64584e+15  6.64584e+15  6.64584e+15 -4.63497e+12 -4.63505e+12  4.63502e+12
  300.00 -2.32465  6.46790e+15  6.46790e+15  6.46790e+15 -6.92230e+12 -6.92239e+12  6.92228e+12
  300.00 -2.30060  6.15552e+15  6.15552e+15  6.15552e+15 -1.33493e+13 -1.33495e+13  1.33493e+13
  300.00 -2.27655  6.14537e+15  6.14537e+15  6.14537e+15 -9.62901e+09 -9.65791e+09  9.62742e+09
  300.00 -2.25251  6.99190e+15  6.99190e+15  6.99190e+15  1.72850e+13  1.72852e+13 -1.72850e+13
  300.00 -2.22846  7.60556e+15  7.60556e+15  7.60556e+15  6.07896e+12  6.07912e+12 -6.07897e+12
  300.00 -2.20441  7.13275e+15  7.13275e+15  7.13275e+15 -2.56363e+13 -2.56362e+13  2.56362e+13
  300.00 -2.18036  6.53980e+15  6.53980e+15  6.53980e+15 -5.39449e+13 -5.39449e+13  5.39449e+13
  300.00 -2.15631  6.86692e+15  6.86692e+15  6.86692e+15 -4.18997e+13 -4.18998e+13  4.19000e+13
  300.00 -2.13226  7.40153e+15  7.40153e+15  7.40154e+15 -9.66516e+12 -9.66546e+12  9.66578e+12
  300.00 -2.10822  7.42826e+15  7.42826e+15  7.42826e+15 -1.65934e+13 -1.65939e+13  1.65946e+13
  300.00 -2.08417  7.60752e+15  7.60752e+15  7.60752e+15 -2.91447e+13 -2.91456e+13  2.91472e+13
  300.00 -2.06012  7.86532e+15  7.86532e+15  7.86533e+15 -4.43292e+12 -4.43486e+12  4.43833e+12
  300.00 -2.03607  7.36444e+15  7.36445e+15  7.36447e+15  9.19828e+12  9.19387e+12 -9.18626e+12
  300.00 -2.01202  6.71539e+15  6.71542e+15  6.71545e+15 -4.09557e+13 -4.09653e+13  4.09818e+13
  300.00 -1.98798  6.67292e+15  6.67298e+15  6.67304e+15 -6.84268e+13 -6.84472e+13  6.84820e+13
  300.00 -1.96393  6.91959e+15  6.91971e+15  6.91984e+15 -4.73401e+13 -4.73822e+13  4.74539e+13
  300.00 -1.93988  6.96358e+15  6.96381e+15  6.96409e+15 -1.09746e+13 -1.10596e+13  1.12046e+13
  300.00 -1.91583  6.63820e+15  6.63864e+15  6.63919e+15  3.16689e+13  3.15021e+13 -3.12171e+13
  300.00 -1.89178  6.47300e+15  6.47384e+15  6.47488e+15  3.49554e+13  3.46407e+13 -3.41022e+13
  300.00 -1.86774  6.78380e+15  6.78530e+15  6.78716e+15 -1.01584e+13 -1.07197e+13  1.16841e+13
  300.00 -1.84369  6.99509e+15  6.99756e+15  7.00067e+15 -1.54869e+13 -1.64084e+13  1.80021e+13
  300.00 -1.81964  6.75768e+15  6.76123e+15  6.76582e+15  1.18950e+13  1.05748e+13 -8.26330e+12
  300.00 -1.79559  6.56754e+15  6.57156e+15  6.57706e+15 -1.47129e+13 -1.61978e+13  1.88789e+13
  300.00 -1.77154  6.50666e+15  6.50964e+15  6.51446e+15 -4.27594e+13 -4.38685e+13  4.60346e+13
  300.00 -1.74749  6.42233e+15  6.42380e+15  6.42735e+15  7.95580e+12  7.17157e+12 -5.78603e+12
  300.00 -1.72345  6.92187e+15  6.92395e+15  6.92816e+15  9.29562e+13  9.12704e+13 -8.95635e+13
  300.00 -1.69940  7.67622e+15  7.67981e+15  7.68517e+15  8.16389e+13  7.91007e+13 -7.66545e+13
  300.00 -1.67535  8.09524e+15  8.09901e+15  8.10394e+15 -3.06318e+13 -3.23208e+13  3.49188e+13
  300.00 -1.65130  8.30485e+15  8.30800e+15  8.31224e+15 -6.38028e+13 -6.46144e+13  6.70898e+13
  300.00 -1.62725  8.42698e+15  8.42966e+15  8.43423e+15  1.28910e+13  1.15639e+13 -8.92918e+12
  300.00 -1.60321  8.42927e+15  8.43130e+15  8.43567e+15  7.51400e+13  7.31032e+13 -7.02760e+13
  300.00 -1.57916  7.87668e+15  7.87770e+15  7.88073e+15  6.46563e+13  6.23991e+13 -5.93949e+13
  300.00 -1.55511  6.74171e+15  6.74163e+15  6.74294e+15  3.94137e+13  3.71108e+13 -3.37158e+13
  300.00 -1.53106  6.13251e+15  6.13157e+15  6.13147e+15  2.00596e+13  1.77347e+13 -1.39111e+13
  300.00 -1.50701  6.81775e+15  6.81659e+15  6.81590e+15 -1.41710e+13 -1.61381e+13  1.95635e+13
  300.00 -1.48297  7.37189e+15  7.37140e+15  7.37118e+15 -3.22231e+13 -3.31136e+13  3.46437e+13
  300.00 -1.45892  6.90870e+15  6.90878e+15  6.90902e+15  1.74755e+13  1.73914e+13 -1.72986e+13
  300.00 -1.43487  6.10894e+15  6.10830e+15  6.10783e+15  6.24512e+13  6.17358e+13 -6.03142e+13
  300.00 -1.41082  5.15705e+15  5.15551e+15  5.15420e+15  3.57867e+13  3.42147e+13 -3.10043e+13
  300.00 -1.38677  4.41813e+15  4.41643e+15  4.41515e+15  4.67302e+12  3.08727e+12  3.59982e+11
  300.00 -1.36273  4.46547e+15  4.46404e+15  4.46341e+15 -5.24946e+12 -6.29144e+12  9.07305e+12
  300.00 -1.33868  4.78222e+15  4.78101e+15  4.78130e+15 -1.37675e+13 -1.41134e+13  1.62653e+13
  300.00 -1.31463  5.13208e+15  5.13079e+15  5.13229e+15 -1.74729e+13 -1.70721e+13  1.90454e+13
  300.00 -1.29058  5.58781e+15  5.58609e+15  5.58923e+15 -1.17154e+13 -1.04543e+13  1.28019e+13
  300.00 -1.26653  6.05315e+15  6.05068e+15  6.05589e+15 -6.91103e+12 -4.65078e+12  7.83709e+12
  300.00 -1.24248  6.51283e+15  6.50965e+15  6.51669e+15 -7.62845e+12 -4.50688e+12  8.53843e+12
  300.00 -1.21844  6.68234e+15  6.67933e+15  6.68609e+15 -2.71148e+12  3.10214e+11  3.48160e+12
  300.00 -1.19439  6.56566e+15  6.56433e+15  6.56732e+15 -3.17692e+12 -1.83489e+12  3.50966e+12
  300.00 -1.17034  7.00396e+15  7.00395e+15  7.00395e+15 -1.86332e+13 -1.86437e+13  1.86590e+13
  300.00 -1.14629  8.01071e+15  8.00943e+15  8.01233e+15 -2.98697e+13 -2.85963e+13  3.01973e+13
  300.00 -1.12224  8.85786e+15  8.85489e+15  8.86165e+15 -3.17024e+13 -2.87023e+13  3.24173e+13
  300.00 -1.09820  9.14705e+15  9.14390e+15  9.15109e+15 -2.96437e+13 -2.64795e+13  3.04129e+13
  300.00 -1.07415  8.69821e+15  8.69580e+15  8.70133e+15 -3.90232e+13 -3.66828e+13  3.96708e+13
  300.00 -1.05010  8.02064e+15  8.01904e+15  8.02276e+15 -2.70171e+13 -2.56451e+13  2.75851e+13
  300.00 -1.02605  7.99698e+15  7.99592e+15  7.99849e+15 -9.62905e+12 -9.07852e+12  1.02805e+13
  300.00 -1.00200  8.34959e+15  8.34876e+15  8.35098e+15  6.60081e+12  6.43237e+12 -5.61530e+12
  300.00 -0.97796  7.91254e+15  7.91163e+15  7.91430e+15  6.76362e+13  6.66933e+13 -6.59615e+13
  300.00 -0.95391  6.76732e+15  6.76604e+15  6.76997e+15  8.10562e+13  7.91323e+13 -7.82405e+13
  300.00 -0.92986  6.20622e+15  6.20438e+15  6.21017e+15 -3.70433e+13 -4.01504e+13  4.13704e+13
  300.00 -0.90581  6.55845e+15  6.55613e+15  6.56345e+15 -8.14217e+13 -8.54554e+13  8.69610e+13
  300.00 -0.88176  6.93727e+15  6.93523e+15  6.94167e+15 -1.41005e+13 -1.76778e+13  1.89944e+13
  300.00 -0.85772  6.80590e+15  6.80518e+15  6.80747e+15  3.81900e+13  3.69193e+13 -3.64482e+13
  300.00 -0.83367  6.04710e+15  6.04707e+15  6.04716e+15  6.21439e+13  6.21043e+13 -6.20827e+13
  300.00 -0.80962  4.92841e+15  4.92727e+15  4.93090e+15  6.81988e+13  6.61708e+13 -6.54286e+13
  300.00 -0.78557  4.51692e+15  4.51471e+15  4.52177e+15  4.79249e+13  4.39830e+13 -4.25423e+13
  300.00 -0.76152  5.22778e+15  5.22561e+15  5.23262e+15  1.28389e+13  8.94709e+12 -7.51063e+12
  300.00 -0.73747  5.82627e+15  5.82472e+15  5.82992e+15 -1.49440e+13 -1.77931e+13  1.88815e+13
  300.00 -0.71343  5.82792e+15  5.82702e+15  5.83045e+15 -1.39270e+13 -1.57234e+13  1.64890e+13
  300.00 -0.68938  5.96653e+15  5.96615e+15  5.96847e+15  2.08696e+12  1.02496e+12 -4.13505e+11
  300.00 -0.66533  6.22607e+15  6.22613e+15  6.22809e+15  1.29787e+13  1.23321e+13 -1.16676e+13
  300.00 -0.64128  6.30541e+15  6.30591e+15  6.30819e+15  1.12682e+12  6.55497e+11  2.88970e+11
  300.00 -0.61723  6.63402e+15  6.63503e+15  6.63825e+15 -1.53149e+13 -1.57760e+13  1.72276e+13
  300.00 -0.59319  7.05082e+15  7.05235e+15  7.05681e+15 -1.80377e+13 -1.85749e+13  2.06397e+13
  300.00 -0.56914  7.02827e+15  7.03006e+15  7.03506e+15 -2.94785e+13 -3.00465e+13  3.23905e+13
  300.00 -0.54509  6.88354e+15  6.88477e+15  6.88819e+15 -5.58383e+13 -5.62189e+13  5.78243e+13
  300.00 -0.52104  6.96570e+15  6.96588e+15  6.96639e+15 -7.02495e+13 -7.03093e+13  7.05446e+13
  300.00 -0.49699  7.28909e+15  7.28934e+15  7.29002e+15 -4.70461e+13 -4.71264e+13  4.74383e+13
  300.00 -0.47295  7.74587e+15  7.74719e+15  7.75082e+15 -1.75015e+13 -1.79014e+13  1.95939e+13
  300.00 -0.44890  7.52591e+15  7.52772e+15  7.53275e+15 -4.67747e+13 -4.73239e+13  4.96487e+13
  300.00 -0.42485  6.92681e+15  6.92836e+15  6.93272e+15 -9.51471e+13 -9.56262e+13  9.75929e+13
  300.00 -0.40080  6.88469e+15  6.88574e+15  6.88885e+15 -8.20479e+13 -8.23989e+13  8.36958e+13
  300.00 -0.37675  7.34268e+15  7.34334e+15  7.34548e+15 -3.01213e+13 -3.03824e+13  3.10874e+13
  300.00 -0.35271  7.47253e+15  7.47293e+15  7.47461e+15 -1.52945e+13 -1.55283e+13  1.57967e+13
  300.00 -0.32866  6.88404e+15  6.88430e+15  6.88594e+15 -2.87659e+13 -2.90243e+13  2.89812e+13
  300.00 -0.30461  6.37107e+15  6.37128e+15  6.37300e+15 -2.74035e+12 -3.03362e+12  2.79291e+12
  300.00 -0.28056  6.41378e+15  6.41393e+15  6.41538e+15 -2.39329e+13 -2.41898e+13  2.39259e+13
  300.00 -0.25651  6.51304e+15  6.51311e+15  6.51369e+15 -5.11653e+13 -5.12731e+13  5.11871e+13
  300.00 -0.23246  6.46897e+15  6.46901e+15  6.46907e+15  1.23146e+12  1.20501e+12 -1.17417e+12
  300.00 -0.20842  6.52185e+15  6.52195e+15  6.52270e+15  4.26915e+13  4.25233e+13 -4.26523e+13
  300.00 -0.18437  6.44783e+15  6.44800e+15  6.44951e+15  2.25242e+13  2.21941e+13 -2.24751e+13
  300.00 -0.16032  6.22140e+15  6.22162e+15  6.22319e+15  5.26782e+12  4.88711e+12 -5.12766e+12
  300.00 -0.13627  6.37738e+15  6.37763e+15  6.37889e+15  3.77300e+13  3.73594e+13 -3.74581e+13
  300.00 -0.11222  6.93729e+15  6.93755e+15  6.93846e+15  6.81613e+13  6.78343e+13 -6.78139e+13
  300.00 -0.08818  6.84411e+15  6.84430e+15  6.84486e+15  4.19858e+13  4.17747e+13 -4.17428e+13
  300.00 -0.06413  5.88839e+15  5.88844e+15  5.88869e+15  3.93111e+12  3.87509e+12 -3.90815e+12
  300.00 -0.04008  5.17868e+15  5.17870e+15  5.17883e+15 -5.26325e+12 -5.30853e+12  5.30716e+12
  300.00 -0.01603  4.95297e+15  4.95311e+15  4.95333e+15  5.52018e+12  5.35849e+12 -5.23752e+12
  300.00  0.00802  4.92158e+15  4.92179e+15  4.92207e+15  2.22779e+13  2.20634e+13 -2.18870e+13
  300.00  0.03206  4.83609e+15  4.83627e+15  4.83651e+15  2.82460e+13  2.80651e+13 -2.79131e+13
  300.00  0.05611  4.38910e+15  4.38923e+15  4.38939e+15  2.39153e+13  2.37933e+13 -2.36900e+13
  300.00  0.08016  3.98481e+15  3.98489e+15  3.98498e+15  1.61317e+13  1.60590e+13 -1.59972e+13
  300.00  0.10421  3.89953e+15  3.89958e+15  3.89963e+15  9.31185e+12  9.27161e+12 -9.23739e+12
  300.00  0.12826  3.72332e+15  3.72334e+15  3.72337e+15  9.29718e+12  9.27601e+12 -9.25802e+12
  300.00  0.15230  3.32349e+15  3.32350e+15  3.32352e+15  9.79459e+12  9.78383e+12 -9.77475e+12
  300.00  0.17635  3.04863e+15  3.04863e+15  3.04864e+15  7.88966e+12  7.88430e+12 -7.87989e+12
  300.00  0.20040  2.99343e+15  2.99344e+15  2.99344e+15  1.03718e+13  1.03692e+13 -1.03671e+13
  300.00  0.22445  3.31336e+15  3.31336e+15  3.31337e+15  2.28690e+13  2.28678e+13 -2.28667e+13
  300.00  0.24850  3.94981e+15  3.94981e+15  3.94981e+15  2.37806e+13  2.37802e+13 -2.37797e+13
  300.00  0.27255  4.27611e+15  4.27611e+15  4.27611e+15 -1.84815e+13 -1.84817e+13  1.84819e+13
  300.00  0.29659  4.22891e+15  4.22891e+15  4.22891e+15 -6.06546e+13 -6.06547e+13  6.06548e+13
  300.00  0.32064  4.24616e+15  4.24616e+15  4.24616e+15 -3.56137e+13 -3.56138e+13  3.56139e+13
  300.00  0.34469  5.10792e+15  5.10792e+15  5.10792e+15 -4.63256e+11 -4.63442e+11  4.63433e+11
  300.00  0.36874  6.39793e+15  6.39793e+15  6.39793e+15  6.76283e+11  6.76179e+11 -6.76217e+11
  300.00  0.39279  6.94869e+15  6.94869e+15  6.94869e+15  5.75243e+12  5.75244e+12 -5.75244e+12
  300.00  0.41683  6.70514e+15  6.70514e+15  6.70514e+15 -4.02685e+12 -4.02686e+12  4.02682e+12
  300.00  0.44088  6.69069e+15  6.69069e+15  6.69069e+15 -4.01347e+13 -4.01348e+13  4.01348e+13
  300.00  0.46493  7.08688e+15  7.08689e+15  7.08688e+15 -2.13305e+13 -2.13304e+13  2.13305e+13
  300.00  0.48898  6.95759e+15  6.95759e+15  6.95759e+15  3.97017e+13  3.97020e+13 -3.97019e+13
  300.00  0.51303  6.66628e+15  6.66628e+15  6.66628e+15  8.86465e+13  8.86467e+13 -8.86466e+13
  300.00  0.53707  6.67803e+15  6.67803e+15  6.67803e+15  1.02076e+14  1.02076e+14 -1.02076e+14
  300.00  0.56112  6.41330e+15  6.41330e+15  6.41330e+15 -2.19015e+13 -2.19018e+13  2.19018e+13
  300.00  0.58517  5.97526e+15  5.97526e+15  5.97526e+15 -1.17522e+14 -1.17522e+14  1.17522e+14
  300.00  0.60922  5.56890e+15  5.56890e+15  5.56890e+15 -1.80095e+13 -1.80093e+13  1.80093e+13
  300.00  0.63327  4.97894e+15  4.97894e+15  4.97894e+15  1.14605e+14  1.14606e+14 -1.14605e+14
  300.00  0.65731  4.36408e+15  4.36408e+15  4.36408e+15  1.10545e+14  1.10545e+14 -1.10545e+14
  300.00  0.68136  3.94013e+15  3.94013e+15  3.94013e+15  2.57119e+13  2.57119e+13 -2.57118e+13
  300.00  0.70541  3.57997e+15  3.57997e+15  3.57997e+15 -3.18628e+13 -3.18629e+13  3.18629e+13
  300.00  0.72946  3.17293e+15  3.17293e+15  3.17293e+15 -2.30734e+13 -2.30735e+13  2.30735e+13
  300.00  0.75351  2.59904e+15  2.59904e+15  2.59904e+15  2.00581e+13  2.00581e+13 -2.00582e+13
  300.00  0.77756  1.74363e+15  1.74363e+15  1.74363e+15  1.80831e+13  1.80832e+13 -1.80832e+13
  300.00  0.80160  1.17406e+15  1.17406e+15  1.17406e+15 -3.18513e+13 -3.18513e+13  3.18514e+13
  300.00  0.82565  1.47911e+15  1.47911e+15  1.47911e+15 -4.29408e+13 -4.29408e+13  4.29409e+13
  300.00  0.84970  2.19703e+15  2.19703e+15  2.19703e+15 -1.50974e+13 -1.50975e+13  1.50975e+13
  300.00  0.87375  2.68094e+15  2.68094e+15  2.68094e+15  1.12781e+13  1.12781e+13 -1.12781e+13
  300.00  0.89780  2.90085e+15  2.90085e+15  2.90085e+15  2.05229e+13  2.05230e+13 -2.05230e+13
  300.00  0.92184  3.01444e+15  3.01444e+15  3.01444e+15 -5.81409e+12 -5.81408e+12  5.81406e+12
  300.00  0.94589  3.07072e+15  3.07072e+15  3.07072e+15 -5.56203e+13 -5.56204e+13  5.56203e+13
  300.00  0.96994  3.11792e+15  3.11792e+15  3.11792e+15 -6.52644e+13 -6.52645e+13  6.52644e+13
  300.00  0.99399  3.59868e+15  3.59868e+15  3.59868e+15 -2.78680e+13 -2.78680e+13  2.78680e+13
  300.00  1.01804  4.74344e+15  4.74344e+15  4.74344e+15 -2.80233e+13 -2.80232e+13  2.80232e+13
  300.00  1.04208  6.16395e+15  6.16395e+15  6.16395e+15 -8.16186e+13 -8.16186e+13  8.16185e+13
  300.00  1.06613  7.66182e+15  7.66182e+15  7.66182e+15 -1.21541e+14 -1.21541e+14  1.21541e+14
  300.00  1.09018  8.91994e+15  8.91994e+15  8.91994e+15 -1.35115e+14 -1.35116e+14  1.35116e+14
  300.00  1.11423  9.61852e+15  9.61852e+15  9.61852e+15 -1.34993e+14 -1.34993e+14  1.34993e+14
  300.00  1.13828  9.77160e+15  9.77160e+15  9.77160e+15 -1.22977e+14 -1.22977e+14  1.22977e+14
  300.00  1.16232  9.22551e+15  9.22551e+15  9.22551e+15 -9.69384e+13 -9.69382e+13  9.69381e+13
  300.00  1.18637  8.43234e+15  8.43234e+15  8.43234e+15 -5.79480e+13 -5.79477e+13  5.79475e+13
  300.00  1.21042  8.17825e+15  8.17825e+15  8.17825e+15 -1.70421e+14 -1.70421e+14  1.70421e+14
  300.00  1.23447  8.83000e+15  8.83000e+15  8.83000e+15 -3.09718e+14 -3.09718e+14  3.09718e+14
  300.00  1.25852  9.86376e+15  9.86376e+15  9.86376e+15 -1.97231e+14 -1.97232e+14  1.97232e+14
  300.00  1.28257  9.96792e+15  9.96792e+15  9.96792e+15  1.55194e+12  1.55207e+12 -1.55205e+12
  300.00  1.30661  8.95740e+15  8.95740e+15  8.95740e+15  6.00820e+13  6.00824e+13 -6.00823e+13
  300.00  1.33066  7.35128e+15  7.35128e+15  7.35128e+15 -6.11463e+12 -6.11443e+12  6.11449e+12
  300.00  1.35471  5.88595e+15  5.88595e+15  5.88595e+15 -5.80395e+13 -5.80396e+13  5.80395e+13
  300.00  1.37876  5.33180e+15  5.33180e+15  5.33180e+15 -7.53783e+13 -7.53785e+13  7.53784e+13
  300.00  1.40281  5.24445e+15  5.24445e+15  5.24445e+15 -1.55871e+14 -1.55871e+14  1.55871e+14
  300.00  1.42685  4.61837e+15  4.61837e+15  4.61837e+15 -2.13350e+14 -2.13350e+14  2.13350e+14
  300.00  1.45090  3.34273e+15  3.34273e+15  3.34273e+15 -9.80137e+13 -9.80137e+13  9.80137e+13
  300.00  1.47495  2.72499e+15  2.72499e+15  2.72499e+15  1.47501e+14  1.47501e+14 -1.47502e+14
  300.00  1.49900  3.34414e+15  3.34414e+15  3.34414e+15  2.49256e+14  2.49256e+14 -2.49256e+14
  300.00  1.52305  4.26086e+15  4.26086e+15  4.26086e+15  1.59768e+14  1.59768e+14 -1.59768e+14
  300.00  1.54709  4.70502e+15  4.70501e+15  4.70501e+15  6.27308e+13  6.27307e+13 -6.27307e+13
  300.00  1.57114  4.51419e+15  4.51419e+15  4.51419e+15 -4.79918e+12 -4.79919e+12  4.79922e+12
  300.00  1.59519  3.83945e+15  3.83945e+15  3.83945e+15 -4.35438e+13 -4.35438e+13  4.35437e+13
  300.00  1.61924  3.26893e+15  3.26893e+15  3.26893e+15  3.56500e+13  3.56500e+13 -3.56501e+13
  300.00  1.64329  3.44072e+15  3.44072e+15  3.44072e+15  2.06455e+14  2.06455e+14 -2.06455e+14
  300.00  1.66733  4.10892e+15  4.10892e+15  4.10892e+15  2.73478e+14  2.73478e+14 -2.73478e+14
  300.00  1.69138  4.72831e+15  4.72831e+15  4.72831e+15  7.64240e+13  7.64239e+13 -7.64237e+13
  300.00  1.71543  5.48531e+15  5.48531e+15  5.48531e+15 -1.60060e+14 -1.60060e+14  1.60060e+14
  300.00  1.73948  6.19031e+15  6.19031e+15  6.19031e+15 -1.99822e+13 -1.99821e+13  1.99819e+13
  300.00  1.76353  6.45945e+15  6.45945e+15  6.45945e+15  3.44181e+14  3.44181e+14 -3.44181e+14
  300.00  1.78758  6.71657e+15  6.71657e+15  6.71657e+15  3.78609e+14  3.78609e+14 -3.78609e+14
  300.00  1.81162  7.10487e+15  7.10487e+15  7.10487e+15  5.85356e+13  5.85356e+13 -5.85354e+13
  300.00  1.83567  7.17615e+15  7.17615e+15  7.17615e+15 -1.54306e+14 -1.54306e+14  1.54307e+14
  300.00  1.85972  6.54238e+15  6.54238e+15  6.54238e+15 -9.14237e+13 -9.14238e+13  9.14239e+13
  300.00  1.88377  6.25683e+15  6.25683e+15  6.25683e+15  4.65745e+13  4.65745e+13 -4.65745e+13
  300.00  1.90782  7.27368e+15  7.27368e+15  7.27368e+15  6.75606e+13  6.75607e+13 -6.75608e+13
  300.00  1.93186  8.28257e+15  8.28257e+15  8.28257e+15  1.55096e+13  1.55095e+13 -1.55097e+13
  300.00  1.95591  8.52409e+15  8.52409e+15  8.52409e+15 -2.78604e+13 -2.78605e+13  2.78604e+13
  300.00  1.97996  8.21047e+15  8.21047e+15  8.21047e+15 -1.87849e+12 -1.87855e+12  1.87857e+12
  300.00  2.00401  7.32846e+15  7.32846e+15  7.32846e+15  5.62152e+13  5.62151e+13 -5.62149e+13
  300.00  2.02806  6.91065e+15  6.91065e+15  6.91065e+15 -6.98803e+12 -6.98808e+12  6.98824e+12
  300.00  2.05210  7.79198e+15  7.79198e+15  7.79198e+15 -1.83566e+14 -1.83566e+14  1.83566e+14
  300.00  2.07615  9.03739e+15  9.03739e+15  9.03739e+15 -2.91339e+14 -2.91339e+14  2.91339e+14
  300.00  2.10020  9.01010e+15  9.01010e+15  9.01010e+15 -1.70065e+14 -1.70065e+14  1.70065e+14
  300.00  2.12425  7.21893e+15  7.21893e+15  7.21893e+15 -4.44215e+13 -4.44216e+13  4.44215e+13
  300.00  2.14830  5.48670e+15  5.48670e+15  5.48670e+15 -1.65427e+14 -1.65427e+14  1.65427e+14
  300.00  2.17234  5.16527e+15  5.16527e+15  5.16527e+15 -2.45551e+14 -2.45551e+14  2.45551e+14
  300.00  2.19639  6.10397e+15  6.10397e+15  6.10397e+15 -5.10428e+13 -5.10427e+13  5.10428e+13
  300.00  2.22044  7.62929e+15  7.62928e+15  7.62928e+15  1.59622e+13  1.59622e+13 -1.59622e+13
  300.00  2.24449  8.38292e+15  8.38292e+15  8.38292e+15 -7.90852e+13 -7.90852e+13  7.90852e+13
  300.00  2.26854  8.14825e+15  8.14825e+15  8.14825e+15 -1.24141e+14 -1.24141e+14  1.24141e+14
  300.00  2.29259  8.07129e+15  8.07129e+15  8.07129e+15 -1.24075e+14 -1.24075e+14  1.24075e+14
  300.00  2.31663  8.37472e+15  8.37472e+15  8.37472e+15 -1.78476e+14 -1.78475e+14  1.78475e+14
  300.00  2.34068  8.27062e+15  8.27062e+15  8.27062e+15 -1.63553e+14 -1.63553e+14  1.63552e+14
  300.00  2.36473  7.92548e+15  7.92548e+15  7.92548e+15  9.54734e+13  9.54734e+13 -9.54734e+13
  300.00  2.38878  8.51521e+15  8.51521e+15  8.51521e+15  2.42547e+14  2.42547e+14 -2.42547e+14
  300.00  2.41283  1.00690e+16  1.00690e+16  1.00690e+16  1.53354e+14  1.53354e+14 -1.53354e+14
  300.00  2.43687  1.03253e+16  1.03253e+16  1.03253e+16  1.22931e+14  1.22931e+14 -1.22931e+14
  300.00  2.46092  8.39648e+15  8.39648e+15  8.39648e+15  9.90432e+13  9.90433e+13 -9.90433e+13
  300.00  2.48497  6.93173e+15  6.93173e+15  6.93173e+15 -5.69636e+13 -5.69635e+13  5.69635e+13
  300.00  2.50902  7.77962e+15  7.77962e+15  7.77962e+15 -7.96555e+13 -7.96556e+13  7.96555e+13
  300.00  2.53307  8.80177e+15  8.80177e+15  8.80177e+15  1.02174e+14  1.02173e+14 -1.02174e+14
  300.00  2.55711  8.52325e+15  8.52325e+15  8.52325e+15  2.16176e+14  2.16176e+14 -2.16176e+14
  300.00  2.58116  7.62722e+15  7.62722e+15  7.62722e+15  2.23123e+14  2.23123e+14 -2.23123e+14
  300.00  2.60521  6.72623e+15  6.72623e+15  6.72623e+15  1.71284e+14  1.71284e+14 -1.71284e+14
  300.00  2.62926  5.71236e+15  5.71236e+15  5.71236e+15  4.60909e+13  4.60909e+13 -4.60908e+13
  300.00  2.65331  4.50322e+15  4.50322e+15  4.50322e+15 -8.25630e+13 -8.25630e+13  8.25631e+13
  300.00  2.67735  4.17202e+15  4.17202e+15  4.17202e+15 -7.08250e+13 -7.08250e+13  7.08251e+13
  300.00  2.70140  5.18884e+15  5.18884e+15  5.18884e+15  1.96547e+13  1.96547e+13 -1.96547e+13
  300.00  2.72545  6.44069e+15  6.44069e+15  6.44069e+15  7.30868e+13  7.30868e+13 -7.30869e+13
  300.00  2.74950  6.98438e+15  6.98438e+15  6.98438e+15  9.60190e+13  9.60190e+13 -9.60191e+13
  300.00  2.77355  6.08783e+15  6.08783e+15  6.08783e+15  1.06173e+14  1.06173e+14 -1.06174e+14
  300.00  2.79760  4.55279e+15  4.55279e+15  4.55279e+15  8.41297e+13  8.41297e+13 -8.41297e+13
  300.00  2.82164  4.57068e+15  4.57068e+15  4.57068e+15  4.15507e+13  4.15508e+13 -4.15507e+13
  300.00  2.84569  6.14276e+15  6.14276e+15  6.14276e+15 -4.49085e+12 -4.49084e+12  4.49078e+12
  300.00  2.86974  7.43573e+15  7.43573e+15  7.43573e+15 -4.31889e+13 -4.31890e+13  4.31888e+13
  300.00  2.89379  7.97726e+15  7.97726e+15  7.97726e+15  1.20151e+13  1.20151e+13 -1.20152e+13
  300.00  2.91784  8.40010e+15  8.40010e+15  8.40010e+15  9.10722e+13  9.10723e+13 -9.10723e+13
  300.00  2.94188  8.55096e+15  8.55096e+15  8.55096e+15  1.09031e+14  1.09031e+14 -1.09031e+14
  300.00  2.96593  7.47939e+15  7.47939e+15  7.47939e+15  1.13509e+14  1.13509e+14 -1.13509e+14
  300.00  2.98998  5.77663e+15  5.77663e+15  5.77663e+15  8.92240e+13  8.92238e+13 -8.92239e+13
  300.00  3.01403  6.29898e+15  6.29898e+15  6.29898e+15  8.84234e+13  8.84235e+13 -8.84233e+13
  300.00  3.03808  8.43073e+15  8.43073e+15  8.43073e+15  2.09158e+14  2.09158e+14 -2.09158e+14
  300.00  3.06212  9.66868e+15  9.66868e+15  9.66868e+15  1.99903e+14  1.99903e+14 -1.99904e+14
  300.00  3.08617  1.03073e+16  1.03073e+16  1.03073e+16 -5.96806e+13 -5.96807e+13  5.96804e+13
  300.00  3.11022  1.05630e+16  1.05630e+16  1.05630e+16 -1.74597e+14 -1.74597e+14  1.74597e+14
  300.00  3.13427  9.61911e+15  9.61911e+15  9.61911e+15 -6.03857e+13 -6.03858e+13  6.03860e+13
  300.00  3.15832  8.19922e+15  8.19922e+15  8.19922e+15 -5.85730e+13 -5.85729e+13  5.85731e+13
  300.00  3.18236  8.18116e+15  8.18116e+15  8.18116e+15 -3.17231e+14 -3.17231e+14  3.17231e+14
  300.00  3.20641  9.65436e+15  9.65436e+15  9.65436e+15 -2.92074e+14 -2.92074e+14  2.92074e+14
  300.00  3.23046  1.08632e+16  1.08632e+16  1.08632e+16  2.72867e+14  2.72867e+14 -2.72867e+14
  300.00  3.25451  1.05583e+16  1.05583e+16  1.05583e+16  5.71072e+14  5.71072e+14 -5.71072e+14
  300.00  3.27856  9.15051e+15  9.15051e+15  9.15051e+15  2.15653e+14  2.15653e+14 -2.15653e+14
  300.00  3.30261  8.37837e+15  8.37837e+15  8.37837e+15 -1.35007e+14 -1.35007e+14  1.35007e+14
  300.00  3.32665  8.64172e+15  8.64172e+15  8.64171e+15  4.44611e+13  4.44611e+13 -4.44613e+13
  300.00  3.35070  8.70954e+15  8.70954e+15  8.70955e+15  3.13043e+14  3.13043e+14 -3.13043e+14
  300.00  3.37475  7.81783e+15  7.81783e+15  7.81783e+15  1.32381e+14  1.32381e+14 -1.32381e+14
  300.00  3.39880  6.78496e+15  6.78496e+15  6.78496e+15 -5.21616e+13 -5.21616e+13  5.21617e+13
  300.00  3.42285  7.23270e+15  7.23270e+15  7.23270e+15  2.40200e+14  2.40200e+14 -2.40200e+14
  300.00  3.44689  8.04512e+15  8.04512e+15  8.04512e+15  5.73525e+14  5.73525e+14 -5.73525e+14
  300.00  3.47094  7.84450e+15  7.84450e+15  7.84450e+15  5.87444e+14  5.87444e+14 -5.87444e+14
  300.00  3.49499  7.19431e+15  7.19431e+15  7.19431e+15  2.73497e+14  2.73497e+14 -2.73497e+14
  300.00  3.51904  6.50137e+15  6.50137e+15  6.50137e+15 -9.03765e+13 -9.03765e+13  9.03766e+13
  300.00  3.54309  5.94201e+15  5.94201e+15  5.94201e+15 -1.95743e+14 -1.95743e+14  1.95743e+14
  300.00  3.56713  5.88457e+15  5.88457e+15  5.88457e+15 -7.63313e+13 -7.63311e+13  7.63312e+13
  300.00  3.59118  6.09263e+15  6.09263e+15  6.09263e+15 -1.52557e+12 -1.52550e+12  1.52550e+12
  300.00  3.61523  6.50482e+15  6.50482e+15  6.50482e+15 -3.83096e+13 -3.83097e+13  3.83097e+13
  300.00  3.63928  7.56913e+15  7.56913e+15  7.56913e+15 -8.50286e+13 -8.50287e+13  8.50288e+13
  300.00  3.66333  8.23045e+15  8.23044e+15  8.23045e+15 -9.33703e+13 -9.33703e+13  9.33704e+13
  300.00  3.68737  8.69705e+15  8.69705e+15  8.69705e+15 -2.19873e+14 -2.19872e+14  2.19872e+14
  300.00  3.71142  8.81892e+15  8.81892e+15  8.81892e+15 -4.87313e+14 -4.87313e+14  4.87313e+14
  300.00  3.73547  7.51537e+15  7.51537e+15  7.51537e+15 -6.07977e+14 -6.07977e+14  6.07977e+14
  300.00  3.75952  6.13140e+15  6.13140e+15  6.13140e+15 -2.83367e+14 -2.83367e+14  2.83367e+14
  300.00  3.78357  6.30334e+15  6.30334e+15  6.30334e+15  1.86332e+14  1.86332e+14 -1.86332e+14
  300.00  3.80762  7.37978e+15  7.37978e+15  7.37978e+15  2.95653e+14  2.95653e+14 -2.95653e+14
  300.00  3.83166  8.26578e+15  8.26578e+15  8.26578e+15  3.53184e+13  3.53186e+13 -3.53184e+13
  300.00  3.85571  9.14493e+15  9.14493e+15  9.14493e+15 -2.03121e+14 -2.03121e+14  2.03121e+14
  300.00  3.87976  1.01979e+16  1.01979e+16  1.01979e+16 -5.06355e+13 -5.06357e+13  5.06355e+13
  300.00  3.90381  1.00442e+16  1.00442e+16  1.00442e+16  2.31583e+14  2.31583e+14 -2.31583e+14
  300.00  3.92786  7.74581e+15  7.74581e+15  7.74581e+15  2.30430e+14  2.30430e+14 -2.30430e+14
  300.00  3.95190  5.07813e+15  5.07813e+15  5.07813e+15  9.94268e+12  9.94284e+12 -9.94269e+12
  300.00  3.97595  4.87146e+15  4.87146e+15  4.87146e+15 -7.24422e+13 -7.24422e+13  7.24423e+13
  300.00  4.00000  7.23017e+15  7.23017e+15  7.23017e+15  1.15798e+13  1.15798e+13 -1.15797e+13
