  300.00 -8.00000  5.50135e+11  5.49119e+11  5.49119e+11 -4.32657e+10 -4.32657e+10  2.82062e+10
  300.00 -7.97595  4.31277e+11  4.30815e+11  4.30815e+11 -2.31516e+10 -2.31517e+10  1.21342e+10
  300.00 -7.95190  1.54652e+11  1.54645e+11  1.54645e+11 -1.55370e+09 -1.55372e+09  5.97313e+08
  300.00 -7.92786  9.43223e+09  9.43619e+09  9.43619e+09  4.39202e+07  4.39202e+07 -2.77167e+08
  300.00 -7.90381  1.81577e+11  1.81569e+11  1.81569e+11  2.82951e+09  2.82947e+09 -2.25977e+09
  300.00 -7.87976  1.06880e+11  1.06878e+11  1.06878e+11 -8.42517e+08 -8.42527e+08  4.24430e+08
  300.00 -7.85571  3.55189e+06  3.28915e+06  3.28930e+06 -6.00354e+05 -6.00453e+05 -5.08343e+05
  300.00 -7.83166  4.93962e+10  4.93659e+10  4.93658e+10 -2.43026e+09 -2.43025e+09  1.72468e+09
  300.00 -7.80762  3.31966e+09  3.30593e+09  3.30594e+09 -3.47344e+08 -3.47342e+08 -1.81974e+08
  300.00 -7.78357  9.64183e+10  9.65342e+10  9.65340e+10  3.22137e+08  3.22138e+08 -4.75632e+09
  300.00 -7.75952  4.31816e+11  4.32784e+11  4.32784e+11  2.13611e+10  2.13611e+10 -3.62958e+10
  300.00 -7.73547  8.57095e+11  8.56703e+11  8.56704e+11  5.61037e+10  5.61037e+10 -4.95614e+10
  300.00 -7.71142  7.77290e+11  7.77024e+11  7.77024e+11  2.64463e+10  2.64463e+10 -1.67389e+10
  300.00 -7.68737  2.57712e+11  2.57709e+11  2.57709e+11 -1.38738e+09 -1.38737e+09  6.67991e+08
  300.00 -7.66333  5.80042e+08  5.81190e+08  5.81203e+08  1.93695e+07  1.93695e+07  4.15206e+07
  300.00 -7.63928  1.39492e+11  1.39481e+11  1.39481e+11 -2.89930e+09 -2.89930e+09  2.28814e+09
  300.00 -7.61523  1.07029e+11  1.07028e+11  1.07028e+11 -6.90838e+08 -6.90833e+08  4.76680e+08
  300.00 -7.59118  4.61756e+10  4.61756e+10  4.61756e+10 -6.15619e+06 -6.15540e+06  9.52782e+06
  300.00 -7.56713  1.78402e+11  1.78438e+11  1.78438e+11 -2.11539e+09 -2.11539e+09  4.14873e+09
  300.00 -7.54309  6.02099e+11  6.02420e+11  6.02420e+11 -2.59746e+10 -2.59746e+10  3.24318e+10
  300.00 -7.51904  6.87318e+11  6.86619e+11  6.86619e+11 -5.17332e+10 -5.17332e+10  4.18424e+10
  300.00 -7.49499  1.19875e+11  1.19582e+11  1.19582e+11 -8.43043e+09 -8.43044e+09  1.71377e+09
  300.00 -7.47094  9.29917e+10  9.30102e+10  9.30101e+10  3.34907e+08  3.34904e+08 -1.88660e+09
  300.00 -7.44689  3.08054e+11  3.08093e+11  3.08093e+11  9.55966e+09  9.55964e+09 -1.07670e+10
  300.00 -7.42285  1.79803e+11  1.79779e+11  1.79779e+11  3.47756e+09  3.47756e+09 -1.84018e+09
  300.00 -7.39880  1.99515e+10  1.99433e+10  1.99434e+10 -5.66021e+08 -5.66020e+08  2.06114e+07
  300.00 -7.37475  1.39430e+10  1.39484e+10  1.39484e+10 -3.33371e+08 -3.33371e+08  5.09432e+08
  300.00 -7.35070  2.76485e+10  2.76299e+10  2.76300e+10 -1.07149e+09 -1.07149e+09  3.77415e+08
  300.00 -7.32665  1.32600e+10  1.32626e+10  1.32626e+10  2.93144e+07  2.93144e+07  2.63145e+08
  300.00 -7.30261  2.74795e+11  2.74839e+11  2.74839e+11  2.80088e+09  2.80087e+09 -5.67011e+09
  300.00 -7.27856  6.58964e+11  6.59260e+11  6.59260e+11  2.01745e+10  2.01745e+10 -2.83554e+10
  300.00 -7.25451  8.08904e+11  8.08912e+11  8.08912e+11  3.20457e+10  3.20457e+10 -3.22568e+10
  300.00 -7.23046  4.27451e+11  4.27361e+11  4.27361e+11  1.22573e+10  1.22573e+10 -8.51686e+09
  300.00 -7.20641  1.15978e+10  1.15970e+10  1.15970e+10  1.35926e+08  1.35925e+08  1.38199e+07
  300.00 -7.18236  1.38348e+11  1.38350e+11  1.38350e+11 -7.63898e+08 -7.63897e+08  1.07900e+09
  300.00 -7.15832  2.47026e+11  2.47026e+11  2.47026e+11 -2.10204e+09 -2.10204e+09  2.06210e+09
  300.00 -7.13427  1.46212e+11  1.46212e+11  1.46212e+11 -6.80342e+08 -6.80341e+08  5.82506e+08
  300.00 -7.11022  3.85257e+10  3.85257e+10  3.85257e+10  6.91777e+06  6.91838e+06 -5.46400e+06
  300.00 -7.08617  6.06537e+09  6.06536e+09  6.06539e+09  1.21732e+07  1.21733e+07 -1.25105e+07
  300.00 -7.06212  6.64736e+08  6.64737e+08  6.64744e+08 -4.76978e+04 -4.77007e+04  4.30444e+05
  300.00 -7.03808  3.79238e+10  3.79237e+10  3.79237e+10 -1.56957e+08 -1.56958e+08  1.28627e+08
  300.00 -7.01403  2.16646e+11  2.16646e+11  2.16646e+11 -1.28084e+09 -1.28084e+09  1.25237e+09
  300.00 -6.98998  1.47180e+11  1.47181e+11  1.47181e+11 -6.00843e+08 -6.00846e+08  6.81006e+08
  300.00 -6.96593  1.37022e+10  1.37022e+10  1.37022e+10  1.00640e+07  1.00636e+07 -5.34196e+06
  300.00 -6.94188  3.04759e+11  3.04758e+11  3.04758e+11  1.49025e+09  1.49025e+09 -1.40102e+09
  300.00 -6.91784  1.23618e+11  1.23619e+11  1.23619e+11  6.28722e+08  6.28722e+08 -6.58934e+08
  300.00 -6.89379  6.42786e+10  6.42786e+10  6.42786e+10  1.30061e+08  1.30060e+08 -1.22153e+08
  300.00 -6.86974  2.18193e+11  2.18193e+11  2.18193e+11  3.25211e+08  3.25207e+08 -3.56883e+08
  300.00 -6.84569  4.76195e+10  4.76201e+10  4.76201e+10  2.50056e+08  2.50056e+08 -3.46591e+08
  300.00 -6.82164  8.48696e+09  8.48680e+09  8.48678e+09  8.94941e+07  8.94940e+07 -7.10339e+07
  300.00 -6.79760  1.78536e+10  1.78536e+10  1.78536e+10  1.65799e+08  1.65799e+08 -1.66549e+08
  300.00 -6.77355  8.40099e+10  8.40101e+10  8.40101e+10  8.42091e+08  8.42091e+08 -8.53951e+08
  300.00 -6.74950  7.85599e+11  7.85598e+11  7.85598e+11  7.67425e+09  7.67428e+09 -7.52180e+09
  300.00 -6.72545  1.11095e+12  1.11094e+12  1.11094e+12  8.15943e+09  8.15949e+09 -7.61184e+09
  300.00 -6.70140  4.85519e+11  4.85519e+11  4.85519e+11  4.93213e+08  4.93225e+08 -3.94240e+08
  300.00 -6.67735  1.24435e+09  1.24404e+09  1.24404e+09 -2.88603e+07 -2.88605e+07 -8.50992e+06
  300.00 -6.65331  4.45484e+11  4.45483e+11  4.45483e+11 -5.39546e+09 -5.39549e+09  5.27917e+09
  300.00 -6.62926  1.10676e+12  1.10675e+12  1.10675e+12 -9.93992e+09 -9.93999e+09  8.89579e+09
  300.00 -6.60521  7.70717e+11  7.70717e+11  7.70717e+11 -9.42950e+08 -9.42983e+08  8.32846e+08
  300.00 -6.58116  1.17953e+11  1.17953e+11  1.17953e+11  3.82648e+08  3.82646e+08 -3.75147e+08
  300.00 -6.55711  1.56000e+10  1.56000e+10  1.56000e+10 -2.04277e+07 -2.04279e+07  9.44390e+06
  300.00 -6.53307  2.71839e+11  2.71835e+11  2.71835e+11 -2.66275e+09 -2.66275e+09  2.24089e+09
  300.00 -6.50902  6.28643e+11  6.28644e+11  6.28644e+11 -6.93531e+09 -6.93530e+09  6.98724e+09
  300.00 -6.48497  5.32107e+11  5.32109e+11  5.32109e+11 -2.95894e+09 -2.95892e+09  3.29138e+09
  300.00 -6.46092  2.06612e+11  2.06612e+11  2.06612e+11 -1.96350e+08 -1.96343e+08  2.21438e+08
  300.00 -6.43687  4.21405e+10  4.21405e+10  4.21405e+10 -2.68374e+07 -2.68366e+07  3.00957e+07
  300.00 -6.41283  1.06125e+08  1.06125e+08  1.06125e+08 -4.71393e+04 -4.71404e+04 -8.32756e+04
  300.00 -6.38878  3.66939e+10  3.66932e+10  3.66932e+10  2.72796e+08  2.72796e+08 -1.62072e+08
  300.00 -6.36473  1.93253e+11  1.93253e+11  1.93253e+11  1.89615e+09  1.89615e+09 -1.89495e+09
  300.00 -6.34068  2.97164e+11  2.97166e+11  2.97166e+11  1.88888e+09  1.88888e+09 -2.16296e+09
  300.00 -6.31663  6.96569e+10  6.96571e+10  6.96570e+10  1.96082e+08  1.96082e+08 -2.31112e+08
  300.00 -6.29259  2.64209e+10  2.64209e+10  2.64209e+10  7.09701e+07  7.09703e+07 -6.89826e+07
  300.00 -6.26854  7.28585e+10  7.28585e+10  7.28585e+10  2.14004e+08  2.14004e+08 -2.14800e+08
  300.00 -6.24449  1.47703e+10  1.47703e+10  1.47703e+10  4.50021e+07  4.50022e+07 -4.49777e+07
  300.00 -6.22044  3.60539e+08  3.60538e+08  3.60538e+08  1.47356e+06  1.47357e+06 -7.98892e+05
  300.00 -6.19639  1.41042e+09  1.41042e+09  1.41041e+09  4.71564e+06  4.71567e+06 -2.09613e+06
  300.00 -6.17234  1.41642e+10  1.41642e+10  1.41642e+10  1.37055e+07  1.37055e+07 -9.18805e+06
  300.00 -6.14830  8.30573e+10  8.30572e+10  8.30572e+10 -1.73170e+08 -1.73171e+08  1.40197e+08
  300.00 -6.12425  3.31142e+11  3.31141e+11  3.31141e+11 -1.74737e+09 -1.74737e+09  1.62035e+09
  300.00 -6.10020  4.76054e+11  4.76054e+11  4.76054e+11 -2.59717e+09 -2.59718e+09  2.70307e+09
  300.00 -6.07615  9.01673e+10  9.01673e+10  9.01673e+10 -1.11306e+08 -1.11306e+08  1.48866e+08
  300.00 -6.05210  5.23544e+10  5.23544e+10  5.23544e+10  1.68918e+08  1.68919e+08 -1.41209e+08
  300.00 -6.02806  1.19107e+11  1.19107e+11  1.19107e+11  2.91433e+08  2.91434e+08 -3.31186e+08
  300.00 -6.00401  4.98166e+10  4.98166e+10  4.98166e+10 -4.90294e+07 -4.90289e+07  6.69088e+07
  300.00 -5.97996  8.38324e+10  8.38326e+10  8.38326e+10 -3.43354e+08 -3.43353e+08  3.83449e+08
  300.00 -5.95591  1.25641e+11  1.25641e+11  1.25641e+11 -5.66448e+08 -5.66448e+08  5.28098e+08
  300.00 -5.93186  2.04905e+10  2.04905e+10  2.04905e+10 -4.61085e+07 -4.61087e+07  3.65315e+07
  300.00 -5.90782  1.21927e+10  1.21927e+10  1.21927e+10 -1.40605e+07 -1.40606e+07  1.60364e+07
  300.00 -5.88377  1.10094e+10  1.10094e+10  1.10094e+10 -7.75644e+06 -7.75647e+06  9.83620e+06
  300.00 -5.85972  2.20226e+09  2.20226e+09  2.20226e+09  2.13932e+06  2.13933e+06 -1.16452e+06
  300.00 -5.83567  3.10420e+10  3.10420e+10  3.10420e+10  5.84903e+07  5.84906e+07 -5.39808e+07
  300.00 -5.81162  3.44878e+10  3.44878e+10  3.44878e+10  7.75047e+07  7.75051e+07 -7.92001e+07
  300.00 -5.78758  1.27640e+10  1.27640e+10  1.27640e+10  2.22382e+07  2.22383e+07 -1.77118e+07
  300.00 -5.76353  2.89040e+11  2.89040e+11  2.89040e+11 -1.01003e+08 -1.01004e+08  9.50683e+07
  300.00 -5.73948  4.20080e+11  4.20080e+11  4.20080e+11 -6.84804e+08 -6.84809e+08  6.77379e+08
  300.00 -5.71543  1.44602e+11  1.44602e+11  1.44602e+11 -1.03757e+08 -1.03759e+08  1.08724e+08
  300.00 -5.69138  4.68037e+09  4.68037e+09  4.68037e+09  7.66646e+05  7.66627e+05 -6.59312e+05
  300.00 -5.66733  1.71553e+11  1.71553e+11  1.71553e+11  6.90644e+07  6.90644e+07 -6.76490e+07
  300.00 -5.64329  2.45129e+11  2.45129e+11  2.45129e+11  2.84987e+08  2.84986e+08 -2.86167e+08
  300.00 -5.61924  1.53030e+11  1.53030e+11  1.53030e+11  6.20476e+07  6.20464e+07 -6.79926e+07
  300.00 -5.59519  8.11635e+10  8.11635e+10  8.11635e+10 -1.70652e+08 -1.70653e+08  1.99188e+08
  300.00 -5.57114  4.13413e+10  4.13414e+10  4.13414e+10 -1.79022e+08 -1.79022e+08  1.88313e+08
  300.00 -5.54709  6.05901e+08  6.05913e+08  6.05913e+08 -4.91388e+05 -4.91389e+05  3.85703e+06
  300.00 -5.52305  4.50711e+10  4.50711e+10  4.50711e+10 -1.73771e+07 -1.73774e+07  2.18671e+07
  300.00 -5.49900  8.97009e+09  8.97009e+09  8.97009e+09  1.21215e+07  1.21214e+07 -1.50269e+07
  300.00 -5.47495  2.36219e+10  2.36219e+10  2.36219e+10  2.98162e+07  2.98161e+07 -3.13086e+07
  300.00 -5.45090  6.46834e+10  6.46834e+10  6.46834e+10  2.00487e+07  2.00488e+07 -2.03228e+07
  300.00 -5.42685  3.85536e+10  3.85536e+10  3.85536e+10  3.19368e+07  3.19370e+07 -2.94203e+07
  300.00 -5.40281  2.11226e+08  2.11225e+08  2.11226e+08  5.96524e+05  5.96523e+05 -2.96255e+05
  300.00 -5.37876  2.52376e+10  2.52376e+10  2.52376e+10  5.10906e+07  5.10904e+07 -4.78363e+07
  300.00 -5.35471  2.70572e+10  2.70572e+10  2.70572e+10  2.65483e+07  2.65482e+07 -2.41823e+07
  300.00 -5.33066  1.71218e+08  1.71219e+08  1.71218e+08  2.42802e+04  2.42805e+04 -5.90354e+04
  300.00 -5.30661  9.28920e+10  9.28921e+10  9.28920e+10 -2.76548e+07 -2.76537e+07  2.80666e+07
  300.00 -5.28257  2.32968e+11  2.32968e+11  2.32968e+11 -6.59716e+07 -6.59676e+07  6.35124e+07
  300.00 -5.25852  1.48003e+11  1.48003e+11  1.48003e+11  3.43371e+08  3.43372e+08 -3.16151e+08
  300.00 -5.23447  8.05460e+09  8.05463e+09  8.05463e+09  2.84750e+07  2.84749e+07 -3.47489e+07
  300.00 -5.21042  1.03683e+11  1.03683e+11  1.03683e+11  8.29633e+07  8.29629e+07 -6.82996e+07
  300.00 -5.18637  4.94002e+11  4.94002e+11  4.94002e+11 -1.53972e+09 -1.53972e+09  1.43768e+09
  300.00 -5.16232  4.45378e+11  4.45378e+11  4.45378e+11 -1.73444e+09 -1.73444e+09  1.70743e+09
  300.00 -5.13828  6.30436e+10  6.30437e+10  6.30437e+10 -1.87837e+08 -1.87837e+08  1.97465e+08
  300.00 -5.11423  5.34952e+10  5.34952e+10  5.34952e+10 -1.15289e+08 -1.15290e+08  1.04006e+08
  300.00 -5.09018  3.43361e+11  3.43361e+11  3.43361e+11 -1.93773e+08 -1.93775e+08  1.87764e+08
  300.00 -5.06613  2.25545e+11  2.25545e+11  2.25545e+11 -7.69207e+07 -7.69228e+07  7.99800e+07
  300.00 -5.04208  7.88607e+09  7.88603e+09  7.88605e+09 -2.66346e+07 -2.66348e+07  1.67011e+07
  300.00 -5.01804  1.87747e+11  1.87747e+11  1.87747e+11 -8.97897e+08 -8.97900e+08  8.54384e+08
  300.00 -4.99399  1.35166e+11  1.35166e+11  1.35166e+11 -5.64292e+08 -5.64293e+08  5.77490e+08
  300.00 -4.96994  2.55806e+10  2.55806e+10  2.55806e+10 -7.19742e+07 -7.19744e+07  7.60097e+07
  300.00 -4.94589  1.14695e+06  1.14688e+06  1.14693e+06  8.00771e+03  8.00772e+03  1.45786e+04
  300.00 -4.92184  6.30584e+07  6.30596e+07  6.30582e+07 -4.00604e+05 -4.00602e+05  4.19031e+04
  300.00 -4.89780  3.14323e+08  3.14314e+08  3.14325e+08 -7.47968e+05 -7.47988e+05  1.96542e+06
  300.00 -4.87375  6.53493e+10  6.53487e+10  6.53491e+10 -3.57478e+08 -3.57479e+08  3.49637e+08
  300.00 -4.84970  9.68103e+10  9.68086e+10  9.68095e+10 -4.43067e+08 -4.43069e+08  3.79451e+08
  300.00 -4.82565  1.69821e+07  1.70271e+07  1.69971e+07  4.01026e+04  4.00895e+04  6.12779e+04
  300.00 -4.80160  4.65233e+10  4.65285e+10  4.65250e+10  8.54705e+06  8.54718e+06 -7.51207e+06
  300.00 -4.77756  2.94811e+09  2.94522e+09  2.94717e+09 -3.82760e+06 -3.82987e+06  1.60698e+07
  300.00 -4.75351  2.20798e+11  2.20739e+11  2.20779e+11 -1.57321e+09 -1.57336e+09  1.68325e+09
  300.00 -4.72946  3.18086e+11  3.17912e+11  3.18026e+11 -2.80046e+09 -2.80097e+09  2.63736e+09
  300.00 -4.70541  1.20619e+10  1.19857e+10  1.20361e+10 -9.28556e+07 -9.30249e+07  4.15313e+07
  300.00 -4.68136  3.98714e+11  3.99567e+11  3.99001e+11  1.25501e+07  1.25416e+07 -1.44408e+07
  300.00 -4.65731  1.06760e+12  1.07003e+12  1.06842e+12  4.00757e+09  4.00478e+09 -4.19411e+09
  300.00 -4.63327  8.21281e+11  8.24719e+11  8.22434e+11  3.05007e+09  3.04624e+09 -2.98639e+09
  300.00 -4.60922  2.26186e+11  2.28762e+11  2.27050e+11  1.89342e+08  1.88693e+08 -1.71874e+08
  300.00 -4.58517  1.57441e+10  1.64057e+10  1.59648e+10 -1.94815e+07 -1.92366e+07  1.65769e+07
  300.00 -4.56112  1.28559e+09  1.25700e+09  1.27595e+09 -1.61910e+06 -1.63175e+06  1.37993e+06
  300.00 -4.53707  3.26591e+10  3.34681e+10  3.29297e+10 -1.95614e+07 -1.94166e+07  1.77353e+07
  300.00 -4.51303  8.74285e+10  8.91661e+10  8.80101e+10  4.43947e+07  4.41268e+07 -4.02547e+07
  300.00 -4.48898  7.38847e+10  7.50998e+10  7.42915e+10  1.81030e+08  1.80103e+08 -1.65193e+08
  300.00 -4.46493  5.07119e+10  5.13064e+10  5.09111e+10  1.50538e+08  1.49957e+08 -1.60602e+08
  300.00 -4.44088  4.37735e+10  4.40626e+10  4.38704e+10  4.16047e+07  4.15092e+07 -5.12384e+07
  300.00 -4.41683  7.08731e+09  7.14469e+09  7.10655e+09 -6.78748e+06 -6.76807e+06  8.95472e+06
  300.00 -4.39279  9.63995e+08  9.54178e+08  9.60695e+08 -9.34103e+05 -9.37403e+05  1.05682e+06
  300.00 -4.36874  1.05725e+10  1.05577e+10  1.05675e+10 -3.14557e+06 -3.14705e+06  3.13896e+06
  300.00 -4.34469  1.14892e+11  1.14871e+11  1.14885e+11 -8.85550e+07 -8.85606e+07  8.46355e+07
  300.00 -4.32064  4.31042e+11  4.31024e+11  4.31036e+11 -7.19496e+08 -7.19505e+08  7.08408e+08
  300.00 -4.29659  7.63362e+11  7.63353e+11  7.63359e+11 -1.19071e+09 -1.19071e+09  1.19921e+09
  300.00 -4.27255  8.15565e+11  8.15561e+11  8.15564e+11 -7.39124e+08 -7.39125e+08  7.50944e+08
  300.00 -4.24850  4.54695e+11  4.54694e+11  4.54695e+11 -1.47582e+08 -1.47583e+08  1.51955e+08
  300.00 -4.22445  5.24302e+10  5.24301e+10  5.24302e+10  2.05565e+07  2.05565e+07 -2.31597e+07
  300.00 -4.20040  3.74725e+10  3.74725e+10  3.74725e+10  5.64134e+07  5.64132e+07 -4.83467e+07
  300.00 -4.17635  1.48843e+11  1.48843e+11  1.48843e+11  3.85160e+08  3.85159e+08 -3.56855e+08
  300.00 -4.15230  2.16482e+11  2.16482e+11  2.16482e+11  8.30066e+08  8.30067e+08 -7.92484e+08
  300.00 -4.12826  3.60866e+11  3.60866e+11  3.60866e+11  1.70620e+09  1.70620e+09 -1.71769e+09
  300.00 -4.10421  3.74497e+11  3.74498e+11  3.74498e+11  1.64806e+09  1.64807e+09 -1.78965e+09
  300.00 -4.08016  1.36750e+11  1.36750e+11  1.36750e+11  1.82578e+08  1.82579e+08 -2.40538e+08
  300.00 -4.05611  5.11569e+08  5.11540e+08  5.11540e+08 -6.01502e+06 -6.01503e+06 -2.01854e+06
  300.00 -4.03206  2.80350e+11  2.80350e+11  2.80350e+11 -1.79222e+09 -1.79222e+09  1.74768e+09
  300.00 -4.00802  7.19864e+11  7.19865e+11  7.19865e+11 -2.73818e+09 -2.73819e+09  2.89823e+09
  300.00 -3.98397  3.90598e+11  3.90598e+11  3.90599e+11 -2.97503e+08 -2.97517e+08  3.16076e+08
  300.00 -3.95992  2.63314e+10  2.63313e+10  2.63318e+10 -7.38738e+06 -7.39001e+06  7.14596e+06
  300.00 -3.93587  1.67066e+09  1.67071e+09  1.67047e+09 -1.74620e+06 -1.74606e+06  2.70824e+06
  300.00 -3.91182  3.90349e+09  3.90366e+09  3.90293e+09 -7.23425e+06 -7.23434e+06  7.91731e+06
  300.00 -3.88778  6.53803e+09  6.53867e+09  6.53691e+09 -1.39822e+07 -1.39860e+07  1.34211e+07
  300.00 -3.86373  6.05179e+09  6.05023e+09  6.05303e+09 -1.07255e+07 -1.07507e+07  1.54605e+07
  300.00 -3.83968  1.08749e+11  1.08736e+11  1.08753e+11 -3.86253e+07 -3.92553e+07  4.88087e+07
  300.00 -3.81563  2.06973e+11  2.06952e+11  2.06976e+11  6.23810e+08  6.21946e+08 -7.47974e+08
  300.00 -3.79158  7.83094e+10  7.83009e+10  7.83105e+10  4.36228e+08  4.35271e+08 -4.49127e+08
  300.00 -3.76754  2.60792e+10  2.60799e+10  2.60789e+10  7.21580e+07  7.20279e+07 -1.23978e+08
  300.00 -3.74349  2.48855e+11  2.48853e+11  2.48854e+11 -1.62767e+08 -1.63078e+08  1.98342e+08
  300.00 -3.71944  1.15676e+11  1.15675e+11  1.15677e+11 -4.15333e+08 -4.14470e+08  4.61034e+08
  300.00 -3.69539  1.61900e+10  1.61908e+10  1.61880e+10 -4.97369e+07 -4.95013e+07  6.00788e+07
  300.00 -3.67134  1.36421e+11  1.36419e+11  1.36414e+11 -1.65823e+08 -1.64264e+08  1.82926e+08
  300.00 -3.64729  2.35067e+11  2.35049e+11  2.35063e+11 -3.70682e+06 -2.11341e+06  1.78434e+06
  300.00 -3.62325  4.38921e+11  4.38888e+11  4.38929e+11  1.80326e+07  1.93082e+07 -2.18931e+07
  300.00 -3.59920  3.76025e+11  3.76018e+11  3.76041e+11  1.45054e+08  1.45100e+08 -1.46642e+08
  300.00 -3.57515  4.35067e+10  4.35191e+10  4.35132e+10 -1.81838e+07 -1.82658e+07  1.38497e+07
  300.00 -3.55110  1.10563e+11  1.10530e+11  1.10551e+11 -3.24749e+08 -3.24981e+08  3.78420e+08
  300.00 -3.52705  2.93790e+11  2.93736e+11  2.93762e+11 -1.22927e+09 -1.22983e+09  1.19032e+09
  300.00 -3.50301  6.42150e+10  6.42013e+10  6.42057e+10 -1.54810e+08 -1.54906e+08  1.32596e+08
  300.00 -3.47896  4.17180e+09  4.17188e+09  4.17087e+09 -4.98479e+06 -4.98700e+06  4.97211e+06
  300.00 -3.45491  3.44734e+09  3.44833e+09  3.45017e+09 -6.47051e+06 -6.47416e+06  9.56580e+06
  300.00 -3.43086  1.50857e+11  1.50863e+11  1.50877e+11 -5.00737e+08 -5.00867e+08  4.80715e+08
  300.00 -3.40681  1.01778e+11  1.01782e+11  1.01791e+11 -1.64496e+08 -1.64587e+08  1.41353e+08
  300.00 -3.38277  1.70595e+09  1.70546e+09  1.70464e+09  1.04278e+05  1.03469e+05 -1.37922e+05
  300.00 -3.35872  1.96646e+10  1.96635e+10  1.96620e+10 -2.14301e+07 -2.14342e+07  1.98433e+07
  300.00 -3.33467  1.76065e+10  1.76071e+10  1.76078e+10 -3.16615e+07 -3.16649e+07  2.29928e+07
  300.00 -3.31062  1.36398e+11  1.36398e+11  1.36399e+11  2.05684e+08  2.05676e+08 -1.55054e+08
  300.00 -3.28657  1.24535e+10  1.24531e+10  1.24533e+10  1.17583e+08  1.17584e+08 -3.96381e+07
  300.00 -3.26253  2.73580e+11  2.73581e+11  2.73581e+11  2.72327e+09  2.72325e+09 -2.89217e+09
  300.00 -3.23848  5.60414e+11  5.60408e+11  5.60408e+11  4.64535e+09  4.64534e+09 -3.93552e+09
  300.00 -3.21443  7.70895e+10  7.70895e+10  7.70895e+10 -1.81699e+07 -1.81705e+07  1.02056e+07
  300.00 -3.19038  5.69079e+10  5.69079e+10  5.69079e+10 -2.14876e+08 -2.14877e+08  2.29403e+08
  300.00 -3.16633  1.27270e+11  1.27270e+11  1.27270e+11 -1.21056e+08 -1.21054e+08  9.92892e+07
  300.00 -3.14228  4.69557e+10  4.69557e+10  4.69557e+10  1.08101e+08  1.08102e+08 -1.02983e+08
  300.00 -3.11824  1.22930e+10  1.22930e+10  1.22930e+10  3.65175e+06  3.65192e+06 -6.93459e+06
  300.00 -3.09419  1.36754e+10  1.36755e+10  1.36755e+10 -2.76170e+07 -2.76169e+07  4.55118e+07
  300.00 -3.07014  6.68482e+08  6.68492e+08  6.68491e+08 -8.92247e+05 -8.92234e+05  3.99189e+06
  300.00 -3.04609  1.41777e+11  1.41777e+11  1.41777e+11 -6.59307e+08 -6.59310e+08  5.77068e+08
  300.00 -3.02204  6.71928e+11  6.71926e+11  6.71926e+11 -4.44201e+09 -4.44203e+09  4.11066e+09
  300.00 -2.99800  8.40838e+11  8.40837e+11  8.40837e+11 -6.35566e+09 -6.35568e+09  6.20654e+09
  300.00 -2.97395  1.80167e+11  1.80167e+11  1.80167e+11 -1.15300e+09 -1.15300e+09  1.26183e+09
  300.00 -2.94990  1.19038e+11  1.19037e+11  1.19037e+11 -6.27439e+08 -6.27440e+08  4.67186e+08
  300.00 -2.92585  5.27696e+11  5.27696e+11  5.27696e+11 -5.35966e+08 -5.35959e+08  4.51493e+08
  300.00 -2.90180  2.65117e+11  2.65116e+11  2.65116e+11  7.22086e+08  7.22090e+08 -5.81004e+08
  300.00 -2.87776  4.04566e+09  4.04540e+09  4.04540e+09  4.60765e+07  4.60766e+07 -2.09997e+06
  300.00 -2.85371  7.27620e+10  7.27637e+10  7.27637e+10  6.38002e+08  6.38002e+08 -8.09401e+08
  300.00 -2.82966  8.28743e+10  8.28725e+10  8.28726e+10  8.74380e+08  8.74381e+08 -6.81889e+08
  300.00 -2.80561  1.11151e+09  1.11144e+09  1.11144e+09  1.31842e+07  1.31843e+07  3.79825e+06
  300.00 -2.78156  1.00108e+11  1.00108e+11  1.00108e+11  7.07733e+07  7.07738e+07 -8.31072e+07
  300.00 -2.75752  3.73372e+11  3.73372e+11  3.73372e+11  5.01245e+08  5.01248e+08 -4.83535e+08
  300.00 -2.73347  2.48307e+11  2.48307e+11  2.48307e+11  9.38132e+08  9.38134e+08 -9.22712e+08
  300.00 -2.70942  7.71449e+10  7.71448e+10  7.71448e+10  2.26305e+08  2.26305e+08 -1.81400e+08
  300.00 -2.68537  1.15602e+12  1.15602e+12  1.15602e+12 -1.23895e+09 -1.23896e+09  1.20717e+09
  300.00 -2.66132  1.11226e+12  1.11226e+12  1.11226e+12  4.93057e+07  4.92940e+07 -5.29166e+07
  300.00 -2.63727  9.92937e+10  9.92940e+10  9.92941e+10  3.41652e+08  3.41651e+08 -4.28028e+08
  300.00 -2.61323  8.45388e+10  8.45390e+10  8.45390e+10  4.04025e+08  4.04025e+08 -4.42427e+08
  300.00 -2.58918  4.27424e+10  4.27425e+10  4.27425e+10  8.40171e+07  8.40172e+07 -1.24891e+08
  300.00 -2.56513  5.03547e+10  5.03547e+10  5.03547e+10 -1.80090e+07 -1.80088e+07  1.49880e+07
  300.00 -2.54108  9.32135e+10  9.32135e+10  9.32134e+10 -2.09012e+07 -2.09012e+07  2.19365e+07
  300.00 -2.51703  1.97768e+10  1.97768e+10  1.97768e+10  1.52962e+07  1.52961e+07 -1.30305e+07
  300.00 -2.49299  3.78710e+11  3.78710e+11  3.78710e+11  5.58870e+08  5.58867e+08 -5.30800e+08
  300.00 -2.46894  6.08363e+11  6.08362e+11  6.08362e+11  1.90784e+09  1.90783e+09 -1.84193e+09
  300.00 -2.44489  4.27909e+11  4.27909e+11  4.27909e+11  1.56199e+09  1.56199e+09 -1.60111e+09
  300.00 -2.42084  8.78284e+10  8.78284e+10  8.78284e+10  1.85354e+08  1.85352e+08 -2.05831e+08
  300.00 -2.39679  3.54315e+06  3.54313e+06  3.54327e+06  7.79314e+02  7.79061e+02 -9.77237e+03
  300.00 -2.37275  6.24053e+09  6.24053e+09  6.24054e+09  1.45551e+07  1.45551e+07 -1.78919e+07
  300.00 -2.34870  6.78863e+10  6.78862e+10  6.78863e+10  2.09687e+08  2.09687e+08 -1.98568e+08
  300.00 -2.32465  2.02373e+11  2.02373e+11  2.02373e+11  4.04290e+08  4.04290e+08 -3.71793e+08
  300.00 -2.30060  1.86847e+11  1.86847e+11  1.86847e+11  1.31040e+08  1.31041e+08 -1.15678e+08
  300.00 -2.27655  1.70415e+10  1.70415e+10  1.70415e+10 -3.29844e+07 -3.29842e+07  1.77407e+07
  300.00 -2.25251  5.42084e+10  5.42087e+10  5.42087e+10 -2.18668e+08 -2.18668e+08  2.74745e+08
  300.00 -2.22846  2.75972e+09  2.75967e+09  2.75968e+09 -1.85783e+07 -1.85783e+07  1.12526e+07
  300.00 -2.20441  1.81551e+11  1.81551e+11  1.81551e+11 -4.46769e+08 -4.46770e+08  5.31825e+08
  300.00 -2.18036  1.76550e+11  1.76550e+11  1.76550e+11  7.48286e+07  7.48273e+07 -8.26565e+07
  300.00 -2.15631  3.89540e+08  3.89540e+08  3.89541e+08  4.97171e+05  4.97162e+05  6.72930e+04
  300.00 -2.13226  1.64173e+10  1.64174e+10  1.64174e+10 -3.18817e+07 -3.18818e+07  6.83038e+07
  300.00 -2.10822  1.67984e+05  1.68452e+05  1.68327e+05  4.92048e+04  4.91952e+04  5.07294e+04
  300.00 -2.08417  7.74451e+08  7.74437e+08  7.74452e+08 -5.83544e+06 -5.83535e+06  2.78778e+06
  300.00 -2.06012  2.51084e+10  2.51083e+10  2.51084e+10 -1.82292e+08 -1.82290e+08  1.53082e+08
  300.00 -2.03607  1.81824e+11  1.81826e+11  1.81827e+11 -1.29704e+09 -1.29701e+09  1.42880e+09
  300.00 -2.01202  9.01982e+10  9.01994e+10  9.02010e+10 -2.51781e+08 -2.51761e+08  3.90203e+08
  300.00 -1.98798  2.57559e+10  2.57550e+10  2.57530e+10  3.53669e+07  3.53823e+07 -2.24881e+07
  300.00 -1.96393  2.86773e+11  2.86766e+11  2.86750e+11  3.62628e+08  3.62946e+08 -3.91397e+08
  300.00 -1.93988  4.26100e+11  4.26080e+11  4.26035e+11 -7.13882e+08 -7.12860e+08  8.34054e+08
  300.00 -1.91583  3.67647e+11  3.67605e+11  3.67508e+11 -2.24727e+09 -2.24543e+09  2.56952e+09
  300.00 -1.89178  4.01052e+11  4.00944e+11  4.00713e+11 -3.64282e+09 -3.63662e+09  3.37383e+09
  300.00 -1.86774  3.64352e+11  3.64125e+11  3.63633e+11 -1.67111e+09 -1.64938e+09  1.25232e+09
  300.00 -1.84369  3.33121e+10  3.31692e+10  3.28595e+10  1.23172e+08  1.31328e+08 -6.09469e+07
  300.00 -1.81964  1.68755e+11  1.69339e+11  1.70612e+11  6.69918e+08  7.19371e+08 -8.25897e+08
  300.00 -1.79559  4.75041e+11  4.76531e+11  4.79772e+11  2.80805e+09  3.12424e+09 -3.37944e+09
  300.00 -1.77154  5.34483e+11  5.36240e+11  5.40034e+11  4.66180e+09  5.37421e+09 -5.02225e+09
  300.00 -1.74749  3.49482e+11  3.50185e+11  3.51434e+11  1.78532e+09  2.60798e+09 -1.69135e+09
  300.00 -1.72345  5.62350e+10  5.61087e+10  5.52669e+10 -3.11785e+08 -1.27411e+08  9.96365e+07
  300.00 -1.69940  7.10069e+09  7.10184e+09  6.51169e+09 -3.63402e+07 -2.53099e+07  5.50317e+07
  300.00 -1.67535  4.87960e+10  4.91995e+10  4.77564e+10 -1.07804e+06  5.05229e+07 -1.03185e+08
  300.00 -1.65130  1.61708e+11  1.61960e+11  1.60561e+11  1.07376e+09  1.35409e+09 -1.51975e+09
  300.00 -1.62725  2.74235e+11  2.73097e+11  2.72693e+11  1.38592e+09  1.80003e+09 -1.35048e+09
  300.00 -1.60321  3.27173e+11  3.25599e+11  3.25509e+11 -3.85938e+08 -1.46373e+08  1.53933e+08
  300.00 -1.57916  3.03104e+11  3.02317e+11  3.01624e+11 -5.82788e+08 -5.05145e+08  5.48691e+08
  300.00 -1.55511  4.96823e+10  4.97818e+10  4.89851e+10  3.29812e+07  3.61849e+07 -5.40065e+07
  300.00 -1.53106  3.81661e+11  3.79997e+11  3.84698e+11  1.71473e+09  1.68307e+09 -1.37973e+09
  300.00 -1.50701  2.63110e+12  2.62164e+12  2.64490e+12  2.30765e+10  2.23067e+10 -2.06645e+10
  300.00 -1.48297  4.00516e+12  3.98742e+12  4.02959e+12  5.49641e+10  5.20312e+10 -5.10682e+10
  300.00 -1.45892  2.62915e+12  2.61907e+12  2.64287e+12  3.04586e+10  2.70334e+10 -2.88127e+10
  300.00 -1.43487  1.03009e+12  1.03304e+12  1.02617e+12  1.28780e+09 -2.14832e+08  1.26441e+09
  300.00 -1.41082  1.83397e+11  1.87029e+11  1.78557e+11 -8.03623e+08 -9.92651e+08  1.27357e+09
  300.00 -1.38677  4.44862e+10  4.60199e+10  4.24540e+10 -1.74123e+08 -1.97625e+08  2.01146e+08
  300.00 -1.36273  1.05116e+11  1.06557e+11  1.03187e+11 -3.31504e+08 -3.57472e+08  3.53353e+08
  300.00 -1.33868  4.04044e+10  4.08995e+10  3.97471e+10 -1.00407e+08 -1.04509e+08  9.67014e+07
  300.00 -1.31463  2.72784e+10  2.70677e+10  2.75503e+10 -4.40204e+07 -4.47275e+07  4.56553e+07
  300.00 -1.29058  3.98344e+11  3.97914e+11  3.98813e+11 -9.16058e+08 -9.01540e+08  8.64091e+08
  300.00 -1.26653  1.21380e+12  1.21330e+12  1.21411e+12 -4.08389e+09 -3.94750e+09  3.81717e+09
  300.00 -1.24248  2.04407e+12  2.04344e+12  2.04414e+12 -6.65747e+09 -6.18037e+09  5.92999e+09
  300.00 -1.21844  2.50558e+12  2.50479e+12  2.50548e+12 -7.38491e+09 -6.31157e+09  5.77673e+09
  300.00 -1.19439  1.91085e+12  1.91024e+12  1.91074e+12 -4.79331e+09 -3.51319e+09  2.89351e+09
  300.00 -1.17034  6.34577e+11  6.34485e+11  6.34578e+11 -8.02032e+08 -2.75001e+08 -7.64860e+06
  300.00 -1.14629  7.45042e+10  7.45938e+10  7.45295e+10 -8.92529e+06  4.81307e+07 -8.25198e+07
  300.00 -1.12224  9.14533e+09  9.19340e+09  9.15603e+09  5.99232e+05  5.98973e+06 -6.50174e+06
  300.00 -1.09820  3.51805e+10  3.52535e+10  3.51950e+10 -4.02642e+07 -3.05525e+07  1.81948e+07
  300.00 -1.07415  9.32737e+10  9.33348e+10  9.32840e+10 -2.31748e+08 -2.21974e+08  1.73458e+08
  300.00 -1.05010  1.40124e+10  1.40162e+10  1.40116e+10 -7.66918e+07 -7.63730e+07  3.49066e+07
  300.00 -1.02605  1.48077e+11  1.48133e+11  1.48099e+11 -8.99004e+08 -8.95118e+08  1.06127e+09
  300.00 -1.00200  5.50513e+11  5.50842e+11  5.50623e+11 -4.54561e+09 -4.53759e+09  4.63810e+09
  300.00 -0.97796  4.68970e+11  4.69692e+11  4.69203e+11 -4.79550e+09 -4.78719e+09  4.48570e+09
  300.00 -0.95391  4.29928e+11  4.31437e+11  4.30409e+11 -4.25607e+09 -4.23781e+09  2.91399e+09
  300.00 -0.92986  1.11221e+12  1.11742e+12  1.11389e+12  6.17559e+09  6.29889e+09 -4.12737e+09
  300.00 -0.90581  2.20227e+12  2.21743e+12  2.20709e+12  5.26787e+10  5.32998e+10 -4.48374e+10
  300.00 -0.88176  1.74559e+12  1.77009e+12  1.75370e+12  4.74641e+10  4.86871e+10 -5.24202e+10
  300.00 -0.85772  2.17256e+11  2.26611e+11  2.20325e+11  3.29803e+09  3.56443e+09 -6.38188e+09
  300.00 -0.83367  2.84788e+11  2.83558e+11  2.84401e+11  2.97885e+09  3.69054e+09 -2.15481e+09
  300.00 -0.80962  8.24327e+11  8.38282e+11  8.28824e+11 -7.71233e+08  6.42231e+08 -3.54545e+08
  300.00 -0.78557  2.09907e+11  2.17786e+11  2.12437e+11 -7.47076e+08 -5.60092e+08  5.43441e+08
  300.00 -0.76152  2.72834e+10  2.53127e+10  2.66384e+10 -5.85361e+07 -4.60781e+07  3.74382e+07
  300.00 -0.73747  6.68104e+10  6.49186e+10  6.61990e+10  7.14395e+07  8.48592e+07 -6.99103e+07
  300.00 -0.71343  1.03383e+09  9.12076e+08  9.94695e+08  1.47274e+06  1.50637e+06 -2.37796e+06
  300.00 -0.68938  3.76292e+09  3.87791e+09  3.79508e+09  3.59662e+05  5.28929e+05 -2.13269e+05
  300.00 -0.66533  4.38290e+10  4.39955e+10  4.38466e+10 -1.03489e+08 -1.02880e+08  8.85366e+07
  300.00 -0.64128  1.76430e+11  1.76515e+11  1.76306e+11 -3.86740e+08 -3.85692e+08  4.03125e+08
  300.00 -0.61723  2.31312e+11  2.31208e+11  2.30929e+11 -1.07748e+08 -1.06875e+08  1.13414e+08
  300.00 -0.59319  3.59919e+11  3.59527e+11  3.58975e+11  5.38986e+07  5.56539e+07 -5.55607e+07
  300.00 -0.56914  5.94966e+11  5.94079e+11  5.92973e+11  2.30678e+06  8.00148e+06 -7.06903e+06
  300.00 -0.54509  4.59288e+11  4.58278e+11  4.57047e+11  2.27648e+07  3.08905e+07 -2.82586e+07
  300.00 -0.52104  1.31755e+11  1.31354e+11  1.30861e+11 -1.61908e+08 -1.57705e+08  1.20187e+08
  300.00 -0.49699  1.15904e+08  1.18445e+08  1.21275e+08 -5.21272e+06 -5.22215e+06 -4.00693e+06
  300.00 -0.47295  3.95464e+10  3.92730e+10  3.89423e+10 -2.83267e+08 -2.80924e+08  5.96356e+08
  300.00 -0.44890  1.42489e+10  1.40720e+10  1.38584e+10 -1.82167e+08 -1.80355e+08  2.10755e+08
  300.00 -0.42485  3.07203e+10  3.05470e+10  3.03361e+10 -3.94597e+08 -3.92943e+08  3.20917e+08
  300.00 -0.40080  2.65437e+11  2.65176e+11  2.64840e+11 -2.93091e+09 -2.92826e+09  3.03470e+09
  300.00 -0.37675  5.40117e+11  5.39986e+11  5.39769e+11 -7.86470e+09 -7.86273e+09  8.14408e+09
  300.00 -0.35271  2.39240e+11  2.39273e+11  2.39249e+11 -4.39056e+09 -4.39047e+09  3.64636e+09
  300.00 -0.32866  9.74167e+08  9.86194e+08  9.91797e+08 -4.45281e+07 -4.45683e+07 -2.19448e+07
  300.00 -0.30461  5.43048e+09  5.36976e+09  5.33783e+09  9.26036e+06  9.16583e+06  6.59518e+07
  300.00 -0.28056  3.31915e+09  3.39633e+09  3.43858e+09  1.50074e+07  1.43400e+07  5.15671e+06
  300.00 -0.25651  3.79077e+09  3.87894e+09  3.92802e+09  9.57817e+07  9.46374e+07  1.41310e+07
  300.00 -0.23246  4.03907e+07  3.75016e+07  3.60240e+07  1.52957e+06  1.50653e+06  6.19503e+05
  300.00 -0.20842  8.22181e+08  8.50068e+08  8.66163e+08  1.44435e+07  1.41351e+07  1.64920e+06
  300.00 -0.18437  1.08625e+10  1.10146e+10  1.11024e+10  7.51538e+07  7.37452e+07 -5.78045e+07
  300.00 -0.16032  1.13449e+10  1.14561e+10  1.15252e+10  8.68661e+07  8.60501e+07 -5.13301e+07
  300.00 -0.13627  5.82261e+09  5.78818e+09  5.75872e+09  3.81306e+06  3.85199e+06 -2.79602e+07
  300.00 -0.11222  2.06906e+10  2.06966e+10  2.06644e+10 -3.37419e+07 -3.38054e+07  5.27356e+07
  300.00 -0.08818  4.13502e+10  4.12760e+10  4.13019e+10 -6.07117e+07 -6.01843e+07  8.59697e+07
  300.00 -0.06413  1.84600e+11  1.84461e+11  1.84483e+11  4.66946e+08  4.70782e+08 -6.12178e+08
  300.00 -0.04008  3.42962e+09  3.43403e+09  3.43362e+09  1.08606e+07  1.09147e+07 -3.02163e+07
  300.00 -0.01603  3.03787e+11  3.03548e+11  3.03562e+11  1.94412e+09  1.94984e+09 -1.99753e+09
  300.00  0.00802  1.22171e+12  1.22117e+12  1.22119e+12  6.41806e+09  6.43172e+09 -6.76517e+09
  300.00  0.03206  2.09889e+12  2.09836e+12  2.09837e+12  7.78974e+09  7.80259e+09 -8.10328e+09
  300.00  0.05611  2.27686e+12  2.27651e+12  2.27651e+12  6.62328e+09  6.63048e+09 -6.78407e+09
  300.00  0.08016  2.30007e+12  2.29987e+12  2.29987e+12  6.63689e+09  6.64054e+09 -6.70949e+09
  300.00  0.10421  1.95172e+12  1.95162e+12  1.95162e+12  7.53896e+09  7.54054e+09 -7.60283e+09
  300.00  0.12826  5.52814e+11  5.52785e+11  5.52785e+11  2.21084e+09  2.21105e+09 -2.27961e+09
  300.00  0.15230  2.76053e+10  2.76084e+10  2.76084e+10  7.82384e+07  7.82456e+07 -7.00445e+07
  300.00  0.17635  4.28482e+11  4.28488e+11  4.28488e+11  8.07540e+08  8.07576e+08 -7.99973e+08
  300.00  0.20040  5.86232e+11  5.86234e+11  5.86234e+11  8.62011e+08  8.62032e+08 -8.54719e+08
  300.00  0.22445  4.22843e+11  4.22844e+11  4.22844e+11  1.21899e+08  1.21901e+08 -1.21881e+08
  300.00  0.24850  4.08882e+11  4.08882e+11  4.08883e+11  1.39364e+08  1.39357e+08 -1.52420e+08
  300.00  0.27255  8.18224e+11  8.18227e+11  8.18227e+11  4.19856e+09  4.19854e+09 -4.77864e+09
  300.00  0.29659  1.06114e+12  1.06115e+12  1.06115e+12  1.12140e+10  1.12139e+10 -1.14072e+10
  300.00  0.32064  6.01920e+11  6.01915e+11  6.01915e+11  4.19741e+09  4.19740e+09 -3.35774e+09
  300.00  0.34469  8.22970e+10  8.22963e+10  8.22964e+10 -3.78013e+08 -3.78012e+08  1.71691e+08
  300.00  0.36874  4.88714e+10  4.88679e+10  4.88679e+10 -6.77774e+08 -6.77773e+08  3.44384e+08
  300.00  0.39279  5.96860e+11  5.96850e+11  5.96850e+11 -8.56169e+09 -8.56169e+09  7.87634e+09
  300.00  0.41683  1.45242e+12  1.45243e+12  1.45243e+12 -1.77044e+10 -1.77044e+10  1.84230e+10
  300.00  0.44088  1.10471e+12  1.10472e+12  1.10472e+12 -7.09335e+09 -7.09336e+09  7.90356e+09
  300.00  0.46493  5.32571e+11  5.32571e+11  5.32571e+11 -1.58678e+09 -1.58678e+09  1.72386e+09
  300.00  0.48898  2.70789e+11  2.70789e+11  2.70789e+11 -8.18928e+08 -8.18932e+08  8.87923e+08
  300.00  0.51303  9.39810e+09  9.39816e+09  9.39816e+09 -8.31526e+06 -8.31523e+06  3.31884e+07
  300.00  0.53707  2.10729e+11  2.10729e+11  2.10729e+11  3.96068e+08  3.96072e+08 -2.25579e+08
  300.00  0.56112  7.42271e+11  7.42213e+11  7.42213e+11  1.19427e+10  1.19427e+10 -7.44737e+09
  300.00  0.58517  1.51056e+12  1.51038e+12  1.51038e+12  4.71153e+10  4.71154e+10 -4.11144e+10
  300.00  0.60922  2.40052e+12  2.40103e+12  2.40103e+12  6.47466e+10  6.47466e+10 -8.17458e+10
  300.00  0.63327  2.85061e+12  2.85074e+12  2.85074e+12  2.79806e+10  2.79805e+10 -3.91661e+10
  300.00  0.65731  3.01930e+12  3.01934e+12  3.01934e+12 -2.30216e+10 -2.30217e+10  2.76801e+10
  300.00  0.68136  2.87448e+12  2.87450e+12  2.87450e+12 -4.10075e+10 -4.10076e+10  4.21473e+10
  300.00  0.70541  1.82047e+12  1.82047e+12  1.82047e+12 -2.18106e+10 -2.18106e+10  2.17945e+10
  300.00  0.72946  4.16584e+11  4.16604e+11  4.16604e+11 -6.25075e+09 -6.25075e+09  7.49149e+09
  300.00  0.75351  2.57304e+10  2.57130e+10  2.57130e+10 -1.07525e+09 -1.07525e+09  5.27578e+08
  300.00  0.77756  2.74626e+11  2.74680e+11  2.74680e+11 -7.14324e+09 -7.14324e+09  8.95585e+09
  300.00  0.80160  5.17193e+09  5.17389e+09  5.17388e+09  4.49534e+07  4.49535e+07  1.48937e+08
  300.00  0.82565  6.32957e+11  6.32953e+11  6.32953e+11  3.88175e+09  3.88175e+09 -3.14621e+09
  300.00  0.84970  1.72545e+12  1.72544e+12  1.72545e+12  1.91024e+10  1.91025e+10 -1.89535e+10
  300.00  0.87375  7.34685e+11  7.34688e+11  7.34688e+11  5.66357e+09  5.66358e+09 -6.02588e+09
  300.00  0.89780  2.63327e+11  2.63327e+11  2.63327e+11  5.53511e+08  5.53506e+08 -5.71280e+08
  300.00  0.92184  2.60986e+12  2.60987e+12  2.60987e+12  1.94110e+10  1.94110e+10 -2.09191e+10
  300.00  0.94589  3.86258e+12  3.86261e+12  3.86261e+12  5.77128e+10  5.77128e+10 -5.94492e+10
  300.00  0.96994  3.20659e+12  3.20656e+12  3.20656e+12  3.49690e+10  3.49691e+10 -3.20465e+10
  300.00  0.99399  1.64356e+12  1.64356e+12  1.64356e+12 -4.93803e+09 -4.93802e+09  3.97557e+09
  300.00  1.01804  6.98083e+11  6.98053e+11  6.98053e+11 -1.04329e+10 -1.04329e+10  8.20255e+09
  300.00  1.04208  6.24439e+11  6.24418e+11  6.24418e+11 -1.06920e+10 -1.06921e+10  9.39860e+09
  300.00  1.06613  1.27551e+12  1.27548e+12  1.27548e+12 -2.19556e+10 -2.19556e+10  1.97966e+10
  300.00  1.09018  2.96567e+12  2.96558e+12  2.96558e+12 -5.61556e+10 -5.61555e+10  5.12365e+10
  300.00  1.11423  4.86741e+12  4.86728e+12  4.86728e+12 -9.59459e+10 -9.59459e+10  8.91673e+10
  300.00  1.13828  5.18684e+12  5.18674e+12  5.18674e+12 -1.00153e+11 -1.00153e+11  9.47962e+10
  300.00  1.16232  3.64992e+12  3.64988e+12  3.64988e+12 -6.50015e+10 -6.50015e+10  6.29716e+10
  300.00  1.18637  1.08708e+12  1.08710e+12  1.08710e+12 -1.73033e+10 -1.73033e+10  1.80778e+10
  300.00  1.21042  3.51169e+10  3.51105e+10  3.51105e+10 -6.89658e+08 -6.89659e+08  1.67467e+08
  300.00  1.23447  2.19722e+12  2.19722e+12  2.19722e+12 -1.06367e+10 -1.06367e+10  9.43758e+09
  300.00  1.25852  5.82810e+12  5.82811e+12  5.82811e+12 -2.97979e+10 -2.97977e+10  3.19390e+10
  300.00  1.28257  6.52283e+12  6.52315e+12  6.52315e+12 -1.26556e+11 -1.26556e+11  1.41800e+11
  300.00  1.30661  3.94596e+12  3.94590e+12  3.94590e+12 -1.45133e+11 -1.45133e+11  1.43449e+11
  300.00  1.33066  1.36458e+12  1.36405e+12  1.36405e+12 -5.22738e+10 -5.22738e+10  3.60123e+10
  300.00  1.35471  4.78507e+11  4.78456e+11  4.78455e+11 -7.69398e+09 -7.69399e+09  3.17247e+09
  300.00  1.37876  4.71772e+11  4.71742e+11  4.71742e+11  6.01995e+09  6.01994e+09 -2.66435e+09
  300.00  1.40281  3.31550e+11  3.31337e+11  3.31337e+11  1.37599e+10  1.37599e+10 -6.75488e+09
  300.00  1.42685  1.04487e+10  1.04762e+10  1.04762e+10  1.61942e+08  1.61941e+08 -7.81797e+08
  300.00  1.45090  1.08822e+10  1.08407e+10  1.08407e+10  1.22103e+09  1.22102e+09  7.50466e+08
  300.00  1.47495  2.64401e+11  2.64683e+11  2.64683e+11 -4.64913e+08 -4.64917e+08  1.21976e+10
  300.00  1.49900  2.01863e+12  2.02108e+12  2.02108e+12 -1.26985e+11 -1.26985e+11  1.60224e+11
  300.00  1.52305  2.93700e+12  2.92803e+12  2.92803e+12 -3.14676e+11 -3.14676e+11  2.21511e+11
  300.00  1.54709  5.57050e+11  5.54934e+11  5.54934e+11 -4.77139e+10 -4.77138e+10  2.52362e+09
  300.00  1.57114  9.51134e+11  9.55669e+11  9.55669e+11  9.76821e+09  9.76822e+09 -9.42653e+10
  300.00  1.59519  3.53547e+12  3.55184e+12  3.55184e+12  2.50551e+11  2.50551e+11 -4.28660e+11
  300.00  1.61924  2.66532e+12  2.66650e+12  2.66650e+12  2.09972e+11  2.09972e+11 -2.25023e+11
  300.00  1.64329  7.76587e+11  7.75767e+11  7.75767e+11  5.00377e+10  5.00376e+10 -3.45452e+10
  300.00  1.66733  6.35484e+10  6.34921e+10  6.34920e+10  3.08142e+09  3.08142e+09 -1.47778e+09
  300.00  1.69138  4.11645e+09  4.09982e+09  4.09981e+09  3.79378e+08  3.79378e+08  5.54996e+07
  300.00  1.71543  3.08430e+10  3.09248e+10  3.09247e+10  1.15404e+09  1.15404e+09 -2.55107e+09
  300.00  1.73948  9.79231e+09  9.62475e+09  9.62476e+09  2.77231e+09  2.77231e+09  2.07169e+09
  300.00  1.76353  4.14563e+11  4.14244e+11  4.14244e+11 -1.61639e+10 -1.61639e+10  8.39948e+08
  300.00  1.78758  9.81390e+11  9.81018e+11  9.81018e+11 -5.44966e+10 -5.44966e+10  4.75458e+10
  300.00  1.81162  1.32457e+12  1.32510e+12  1.32510e+12 -2.18084e+10 -2.18084e+10  4.32068e+10
  300.00  1.83567  1.54365e+12  1.54377e+12  1.54377e+12  1.28896e+10  1.28896e+10 -2.30211e+10
  300.00  1.85972  1.18696e+12  1.18705e+12  1.18705e+12  2.39112e+10  2.39113e+10 -2.78698e+10
  300.00  1.88377  1.39193e+11  1.39182e+11  1.39182e+11  2.51106e+09  2.51106e+09 -1.83186e+09
  300.00  1.90782  2.75830e+11  2.75836e+11  2.75836e+11  2.73748e+09  2.73747e+09 -3.33273e+09
  300.00  1.93186  7.25952e+11  7.25962e+11  7.25962e+11  7.53973e+09  7.53973e+09 -8.37124e+09
  300.00  1.95591  3.61428e+11  3.61439e+11  3.61439e+11  3.08436e+09  3.08436e+09 -4.16670e+09
  300.00  1.97996  2.11975e+10  2.11979e+10  2.11980e+10 -5.99222e+06 -5.99216e+06 -1.34678e+08
  300.00  2.00401  4.07884e+10  4.07835e+10  4.07834e+10 -6.44520e+08 -6.44520e+08  1.11239e+08
  300.00  2.02806  2.73130e+08  2.73014e+08  2.73012e+08 -8.06593e+06 -8.06591e+06 -2.86142e+05
  300.00  2.05210  1.38156e+11  1.38153e+11  1.38153e+11 -1.37559e+09 -1.37559e+09  1.03901e+09
  300.00  2.07615  3.46079e+10  3.46082e+10  3.46082e+10 -7.27119e+07 -7.27121e+07  1.62744e+08
  300.00  2.10020  5.61258e+11  5.61150e+11  5.61150e+11 -1.23979e+10 -1.23978e+10  5.80395e+09
  300.00  2.12425  1.86616e+12  1.86547e+12  1.86547e+12 -7.37382e+10 -7.37381e+10  5.38149e+10
  300.00  2.14830  6.23158e+11  6.23131e+11  6.23131e+11 -2.13831e+10 -2.13831e+10  2.05923e+10
  300.00  2.17234  2.21923e+11  2.21918e+11  2.21918e+11 -6.17242e+09 -6.17241e+09  5.96376e+09
  300.00  2.19639  3.04591e+12  3.04610e+12  3.04610e+12 -1.06814e+11 -1.06814e+11  1.11972e+11
  300.00  2.22044  6.36436e+12  6.36216e+12  6.36216e+12 -3.50903e+11 -3.50903e+11  3.09531e+11
  300.00  2.24449  4.24101e+12  4.23734e+12  4.23734e+12 -2.30109e+11 -2.30109e+11  1.50563e+11
  300.00  2.26854  1.51669e+11  1.51660e+11  1.51660e+11 -1.62593e+09 -1.62592e+09 -1.94229e+08
  300.00  2.29259  1.25878e+12  1.25944e+12  1.25944e+12  2.51939e+10  2.51939e+10 -4.81274e+10
  300.00  2.31663  4.29274e+12  4.29370e+12  4.29370e+12  1.61620e+11  1.61620e+11 -1.85842e+11
  300.00  2.34068  6.30909e+12  6.30833e+12  6.30833e+12  2.13666e+11  2.13666e+11 -1.89672e+11
  300.00  2.36473  4.93421e+12  4.93414e+12  4.93414e+12  3.90191e+10  3.90191e+10 -2.88072e+10
  300.00  2.38878  1.91713e+12  1.91705e+12  1.91705e+12 -2.73262e+10 -2.73262e+10  2.09394e+10
  300.00  2.41283  4.23736e+11  4.23746e+11  4.23746e+11 -5.40523e+09 -5.40523e+09  6.14356e+09
  300.00  2.43687  2.48051e+11  2.48058e+11  2.48058e+11 -1.29205e+09 -1.29205e+09  2.27675e+09
  300.00  2.46092  8.99544e+10  8.99544e+10  8.99544e+10  1.10000e+07  1.09994e+07 -5.91096e+07
  300.00  2.48497  6.11571e+11  6.11514e+11  6.11514e+11  9.93226e+09  9.93225e+09 -5.30487e+09
  300.00  2.50902  5.38470e+12  5.38447e+12  5.38447e+12  1.42171e+11  1.42171e+11 -1.33020e+11
  300.00  2.53307  1.03839e+13  1.03847e+13  1.03847e+13  2.92465e+11  2.92465e+11 -3.20868e+11
  300.00  2.55711  9.45879e+12  9.45946e+12  9.45946e+12  2.14162e+11  2.14162e+11 -2.42493e+11
  300.00  2.58116  4.53729e+12  4.53743e+12  4.53743e+12  8.93084e+10  8.93084e+10 -9.62835e+10
  300.00  2.60521  4.56509e+11  4.56437e+11  4.56437e+11  1.34284e+10  1.34284e+10 -1.06762e+10
  300.00  2.62926  5.49758e+11  5.50183e+11  5.50183e+11  1.79162e+10  1.79162e+10 -2.82385e+10
  300.00  2.65331  1.68425e+12  1.68445e+12  1.68445e+12  7.89859e+10  7.89859e+10 -8.33298e+10
  300.00  2.67735  6.79990e+11  6.79550e+11  6.79550e+11  3.00273e+10  3.00273e+10 -1.70700e+10
  300.00  2.70140  3.15607e+10  3.15505e+10  3.15505e+10  8.54705e+08  8.54706e+08  2.88059e+08
  300.00  2.72545  2.27335e+10  2.27032e+10  2.27032e+10 -1.22775e+09 -1.22775e+09 -3.95860e+08
  300.00  2.74950  5.59442e+11  5.59150e+11  5.59151e+11 -2.39303e+10 -2.39303e+10  1.59237e+10
  300.00  2.77355  1.82005e+12  1.82015e+12  1.82015e+12 -6.15795e+10 -6.15795e+10  6.43883e+10
  300.00  2.79760  1.05017e+12  1.05035e+12  1.05035e+12 -1.82634e+10 -1.82634e+10  2.64750e+10
  300.00  2.82164  3.64581e+10  3.64553e+10  3.64554e+10 -4.53427e+08 -4.53428e+08 -8.52900e+07
  300.00  2.84569  1.68535e+12  1.68519e+12  1.68519e+12  2.95662e+10  2.95662e+10 -1.80448e+10
  300.00  2.86974  2.15315e+12  2.15201e+12  2.15201e+12  1.01075e+11  1.01075e+11 -7.19967e+10
  300.00  2.89379  5.04176e+11  5.04103e+11  5.04102e+11  2.99913e+10  2.99913e+10 -2.86921e+10
  300.00  2.91784  1.88680e+11  1.88348e+11  1.88348e+11  1.27841e+10  1.27841e+10 -5.90000e+09
  300.00  2.94188  2.57556e+12  2.57500e+12  2.57500e+12  8.93492e+10  8.93492e+10 -7.10446e+10
  300.00  2.96593  5.23340e+12  5.23326e+12  5.23326e+12  7.79721e+10  7.79721e+10 -6.78823e+10
  300.00  2.98998  3.27068e+12  3.27068e+12  3.27068e+12  1.45978e+10  1.45978e+10 -1.30032e+10
  300.00  3.01403  1.38902e+11  1.38902e+11  1.38902e+11  4.04812e+07  4.04805e+07 -2.57863e+07
  300.00  3.03808  5.03731e+11  5.03734e+11  5.03734e+11 -2.68496e+09 -2.68496e+09  3.17703e+09
  300.00  3.06212  6.51858e+11  6.51843e+11  6.51843e+11 -6.31069e+09 -6.31069e+09  4.57173e+09
  300.00  3.08617  1.71405e+11  1.71381e+11  1.71381e+11  2.94415e+09  2.94415e+09 -4.32810e+08
  300.00  3.11022  8.06686e+10  8.07335e+10  8.07336e+10  1.36643e+09  1.36643e+09 -3.53188e+09
  300.00  3.13427  1.05732e+12  1.05715e+12  1.05715e+12  2.91553e+10  2.91554e+10 -2.18388e+10
  300.00  3.15832  1.01367e+12  1.01364e+12  1.01364e+12  1.11324e+10  1.11324e+10 -7.76625e+09
  300.00  3.18236  4.17132e+10  4.17116e+10  4.17116e+10  3.70222e+08  3.70223e+08 -2.88869e+07
  300.00  3.20641  3.01812e+11  3.01822e+11  3.01823e+11 -2.73624e+08 -2.73624e+08  2.48188e+09
  300.00  3.23046  2.96394e+11  2.97724e+11  2.97724e+11  1.55300e+09  1.55300e+09  2.80133e+10
  300.00  3.25451  8.24272e+09  8.14239e+09  8.14240e+09 -1.24730e+09 -1.24730e+09  1.43461e+08
  300.00  3.27856  2.24053e+11  2.25982e+11  2.25982e+11  4.87135e+09  4.87136e+09  2.97295e+10
  300.00  3.30261  1.12813e+10  1.12826e+10  1.12826e+10  2.16246e+08  2.16246e+08  2.78454e+08
  300.00  3.32665  2.18533e+11  2.17939e+11  2.17939e+11  1.64225e+10  1.64225e+10  2.00428e+09
  300.00  3.35070  4.87813e+11  4.86221e+11  4.86221e+11  4.09481e+10  4.09481e+10 -8.72490e+09
  300.00  3.37475  4.63572e+11  4.59677e+11  4.59677e+11  6.20015e+10  6.20015e+10 -8.62036e+09
  300.00  3.39880  9.23146e+11  9.21377e+11  9.21377e+11  1.08620e+11  1.08620e+11 -9.13902e+10
  300.00  3.42285  2.56634e+12  2.59056e+12  2.59056e+12  1.66257e+11  1.66257e+11 -3.97792e+11
  300.00  3.44689  2.49081e+12  2.50385e+12  2.50385e+12  7.59229e+10  7.59229e+10 -2.69434e+11
  300.00  3.47094  3.08145e+11  3.08356e+11  3.08356e+11  6.00094e+08  6.00093e+08 -1.14579e+10
  300.00  3.49499  2.44854e+11  2.44853e+11  2.44853e+11  2.59845e+09  2.59846e+09 -2.47997e+09
  300.00  3.51904  1.04566e+12  1.04579e+12  1.04579e+12  2.77293e+10  2.77293e+10 -3.21799e+10
  300.00  3.54309  9.63170e+11  9.62850e+11  9.62850e+11  3.26049e+10  3.26049e+10 -2.09361e+10
  300.00  3.56713  2.92805e+11  2.92802e+11  2.92802e+11  1.36554e+09  1.36554e+09 -1.55225e+08
  300.00  3.59118  5.53778e+09  5.49527e+09  5.49526e+09 -8.67412e+08 -8.67411e+08 -5.57734e+08
  300.00  3.61523  1.27847e+11  1.28148e+11  1.28148e+11 -2.44472e+09 -2.44471e+09  9.05272e+09
  300.00  3.63928  3.96455e+11  3.96642e+11  3.96642e+11 -2.05761e+10 -2.05761e+10  2.38304e+10
  300.00  3.66333  5.80152e+10  5.78347e+10  5.78347e+10 -4.94235e+09 -4.94235e+09  2.07331e+09
  300.00  3.68737  1.57387e+11  1.57849e+11  1.57849e+11 -2.00811e+09 -2.00811e+09  1.21571e+10
  300.00  3.71142  1.27961e+12  1.27976e+12  1.27976e+12 -1.41966e+10 -1.41966e+10  2.41263e+10
  300.00  3.73547  2.58883e+12  2.58883e+12  2.58883e+12  6.54594e+09  6.54596e+09 -6.21675e+09
  300.00  3.75952  1.11141e+12  1.11125e+12  1.11125e+12 -2.08358e+10 -2.08357e+10  8.94948e+09
  300.00  3.78357  1.80485e+10  1.82602e+10  1.82602e+10  1.70725e+09  1.70725e+09  3.26346e+09
  300.00  3.80762  1.28776e+12  1.28719e+12  1.28719e+12 -9.14093e+10 -9.14092e+10  8.32893e+10
  300.00  3.83166  2.41413e+12  2.40854e+12  2.40854e+12 -1.83050e+11 -1.83050e+11  8.65914e+10
  300.00  3.85571  2.05088e+12  2.05077e+12  2.05077e+12 -2.24544e+10 -2.24546e+10  6.72884e+09
  300.00  3.87976  3.33991e+11  3.33009e+11  3.33009e+11  2.59412e+10  2.59412e+10 -4.49466e+08
  300.00  3.90381  1.45371e+12  1.45591e+12  1.45591e+12  5.70821e+10  5.70820e+10 -9.91106e+10
  300.00  3.92786  5.52708e+12  5.53157e+12  5.53157e+12  2.48962e+11  2.48962e+11 -3.36083e+11
  300.00  3.95190  2.94500e+12  2.94759e+12  2.94759e+12  1.44425e+11  1.44424e+11 -1.91174e+11
  300.00  3.97595  1.52324e+09  1.55203e+09  1.55205e+09 -1.37015e+08 -1.37014e+08 -3.25551e+08
  300.00  4.00000  3.00166e+12  3.00553e+12  3.00553e+12  1.07838e+11  1.07838e+11 -1.88082e+11
