  300.00 -8.00000  5.50111e+11  5.49094e+11  5.49095e+11 -4.32640e+10 -4.32640e+10  2.82026e+10
  300.00 -7.97595  4.31170e+11  4.30708e+11  4.30708e+11 -2.31420e+10 -2.31420e+10  1.21279e+10
  300.00 -7.95190  1.54513e+11  1.54506e+11  1.54506e+11 -1.55027e+09 -1.55029e+09  5.95764e+08
  300.00 -7.92786  9.47467e+09  9.47864e+09  9.47865e+09  4.44431e+07  4.44431e+07 -2.78152e+08
  300.00 -7.90381  1.81625e+11  1.81617e+11  1.81617e+11  2.82960e+09  2.82956e+09 -2.25967e+09
  300.00 -7.87976  1.06817e+11  1.06814e+11  1.06814e+11 -8.42696e+08 -8.42707e+08  4.24431e+08
  300.00 -7.85571  3.32647e+06  3.08215e+06  3.08227e+06 -2.73303e+05 -2.73405e+05 -2.02248e+05
  300.00 -7.83166  4.94137e+10  4.93833e+10  4.93832e+10 -2.43132e+09 -2.43131e+09  1.72491e+09
  300.00 -7.80762  3.30863e+09  3.29494e+09  3.29495e+09 -3.46489e+08 -3.46488e+08 -1.81748e+08
  300.00 -7.78357  9.64792e+10  9.65953e+10  9.65951e+10  3.23309e+08  3.23311e+08 -4.76140e+09
  300.00 -7.75952  4.31946e+11  4.32913e+11  4.32913e+11  2.13730e+10  2.13730e+10 -3.63050e+10
  300.00 -7.73547  8.57182e+11  8.56790e+11  8.56790e+11  5.61040e+10  5.61040e+10 -4.95546e+10
  300.00 -7.71142  7.77174e+11  7.76909e+11  7.76909e+11  2.64304e+10  2.64304e+10 -1.67278e+10
  300.00 -7.68737  2.57567e+11  2.57564e+11  2.57564e+11 -1.38941e+09 -1.38939e+09  6.68943e+08
  300.00 -7.66333  5.87035e+08  5.88189e+08  5.88203e+08  1.93871e+07  1.93872e+07  4.18090e+07
  300.00 -7.63928  1.39504e+11  1.39492e+11  1.39492e+11 -2.89857e+09 -2.89857e+09  2.28738e+09
  300.00 -7.61523  1.06979e+11  1.06978e+11  1.06978e+11 -6.89836e+08 -6.89831e+08  4.76059e+08
  300.00 -7.59118  4.61807e+10  4.61808e+10  4.61808e+10 -6.26825e+06 -6.26746e+06  9.70434e+06
  300.00 -7.56713  1.78488e+11  1.78524e+11  1.78524e+11 -2.11738e+09 -2.11738e+09  4.15181e+09
  300.00 -7.54309  6.02180e+11  6.02501e+11  6.02500e+11 -2.59819e+10 -2.59819e+10  3.24381e+10
  300.00 -7.51904  6.87188e+11  6.86488e+11  6.86488e+11 -5.17245e+10 -5.17245e+10  4.18312e+10
  300.00 -7.49499  1.19751e+11  1.19458e+11  1.19458e+11 -8.42123e+09 -8.42124e+09  1.70969e+09
  300.00 -7.47094  9.30678e+10  9.30863e+10  9.30862e+10  3.35871e+08  3.35869e+08 -1.88897e+09
  300.00 -7.44689  3.08011e+11  3.08050e+11  3.08050e+11  9.55790e+09  9.55788e+09 -1.07629e+10
  300.00 -7.42285  1.79680e+11  1.79656e+11  1.79656e+11  3.47319e+09  3.47319e+09 -1.83731e+09
  300.00 -7.39880  1.99060e+10  1.98979e+10  1.98979e+10 -5.65258e+08 -5.65257e+08  2.03199e+07
  300.00 -7.37475  1.39646e+10  1.39700e+10  1.39700e+10 -3.34096e+08 -3.34096e+08  5.10082e+08
  300.00 -7.35070  2.76314e+10  2.76129e+10  2.76129e+10 -1.07095e+09 -1.07095e+09  3.76954e+08
  300.00 -7.32665  1.32969e+10  1.32995e+10  1.32994e+10  2.91815e+07  2.91815e+07  2.63538e+08
  300.00 -7.30261  2.74960e+11  2.75004e+11  2.75004e+11  2.80374e+09  2.80372e+09 -5.67455e+09
  300.00 -7.27856  6.59047e+11  6.59343e+11  6.59343e+11  2.01787e+10  2.01787e+10 -2.83597e+10
  300.00 -7.25451  8.08752e+11  8.08760e+11  8.08760e+11  3.20401e+10  3.20400e+10 -3.22490e+10
  300.00 -7.23046  4.27304e+11  4.27215e+11  4.27215e+11  1.22521e+10  1.22521e+10 -8.51214e+09
  300.00 -7.20641  1.15875e+10  1.15867e+10  1.15867e+10  1.35744e+08  1.35744e+08  1.38252e+07
  300.00 -7.18236  1.38333e+11  1.38335e+11  1.38335e+11 -7.63879e+08 -7.63877e+08  1.07885e+09
  300.00 -7.15832  2.46951e+11  2.46950e+11  2.46950e+11 -2.10080e+09 -2.10080e+09  2.06082e+09
  300.00 -7.13427  1.46147e+11  1.46147e+11  1.46147e+11 -6.79699e+08 -6.79698e+08  5.81943e+08
  300.00 -7.11022  3.85487e+10  3.85487e+10  3.85487e+10  6.99720e+06  6.99781e+06 -5.52732e+06
  300.00 -7.08617  6.10034e+09  6.10033e+09  6.10036e+09  1.22494e+07  1.22494e+07 -1.25893e+07
  300.00 -7.06212  6.75598e+08  6.75599e+08  6.75607e+08 -5.00018e+04 -5.00047e+04  4.35217e+05
  300.00 -7.03808  3.78890e+10  3.78889e+10  3.78888e+10 -1.56720e+08 -1.56720e+08  1.28431e+08
  300.00 -7.01403  2.16733e+11  2.16733e+11  2.16733e+11 -1.28083e+09 -1.28083e+09  1.25228e+09
  300.00 -6.98998  1.47416e+11  1.47417e+11  1.47417e+11 -6.02146e+08 -6.02148e+08  6.82304e+08
  300.00 -6.96593  1.36328e+10  1.36328e+10  1.36328e+10  9.93401e+06  9.93359e+06 -5.26425e+06
  300.00 -6.94188  3.04790e+11  3.04790e+11  3.04790e+11  1.48948e+09  1.48948e+09 -1.40018e+09
  300.00 -6.91784  1.23813e+11  1.23813e+11  1.23813e+11  6.29980e+08  6.29980e+08 -6.60135e+08
  300.00 -6.89379  6.42484e+10  6.42484e+10  6.42484e+10  1.30276e+08  1.30276e+08 -1.22353e+08
  300.00 -6.86974  2.18394e+11  2.18394e+11  2.18394e+11  3.25806e+08  3.25802e+08 -3.57489e+08
  300.00 -6.84569  4.76787e+10  4.76793e+10  4.76793e+10  2.50332e+08  2.50332e+08 -3.46846e+08
  300.00 -6.82164  8.51232e+09  8.51215e+09  8.51214e+09  8.97095e+07  8.97095e+07 -7.12415e+07
  300.00 -6.79760  1.79512e+10  1.79512e+10  1.79512e+10  1.66638e+08  1.66638e+08 -1.67391e+08
  300.00 -6.77355  8.37673e+10  8.37675e+10  8.37674e+10  8.39449e+08  8.39448e+08 -8.51371e+08
  300.00 -6.74950  7.85417e+11  7.85416e+11  7.85416e+11  7.67296e+09  7.67299e+09 -7.52080e+09
  300.00 -6.72545  1.11160e+12  1.11160e+12  1.11160e+12  8.16615e+09  8.16621e+09 -7.61865e+09
  300.00 -6.70140  4.86124e+11  4.86124e+11  4.86124e+11  4.96449e+08  4.96463e+08 -3.96907e+08
  300.00 -6.67735  1.27167e+09  1.27137e+09  1.27136e+09 -2.92783e+07 -2.92784e+07 -8.49508e+06
  300.00 -6.65331  4.45072e+11  4.45070e+11  4.45070e+11 -5.38990e+09 -5.38992e+09  5.27432e+09
  300.00 -6.62926  1.10659e+12  1.10658e+12  1.10658e+12 -9.94181e+09 -9.94188e+09  8.89774e+09
  300.00 -6.60521  7.71165e+11  7.71165e+11  7.71165e+11 -9.47388e+08 -9.47420e+08  8.36767e+08
  300.00 -6.58116  1.18222e+11  1.18222e+11  1.18222e+11  3.83497e+08  3.83495e+08 -3.75909e+08
  300.00 -6.55711  1.55156e+10  1.55155e+10  1.55155e+10 -2.02382e+07 -2.02384e+07  9.33710e+06
  300.00 -6.53307  2.71578e+11  2.71574e+11  2.71574e+11 -2.65969e+09 -2.65969e+09  2.23793e+09
  300.00 -6.50902  6.28411e+11  6.28412e+11  6.28412e+11 -6.93443e+09 -6.93442e+09  6.98601e+09
  300.00 -6.48497  5.32051e+11  5.32053e+11  5.32053e+11 -2.95984e+09 -2.95982e+09  3.29241e+09
  300.00 -6.46092  2.06661e+11  2.06661e+11  2.06661e+11 -1.96616e+08 -1.96609e+08  2.21738e+08
  300.00 -6.43687  4.22138e+10  4.22138e+10  4.22138e+10 -2.69142e+07 -2.69134e+07  3.01789e+07
  300.00 -6.41283  1.12416e+08  1.12416e+08  1.12416e+08 -4.76313e+04 -4.76323e+04 -8.56422e+04
  300.00 -6.38878  3.65483e+10  3.65477e+10  3.65477e+10  2.71736e+08  2.71736e+08 -1.61256e+08
  300.00 -6.36473  1.93009e+11  1.93009e+11  1.93009e+11  1.89372e+09  1.89372e+09 -1.89231e+09
  300.00 -6.34068  2.97255e+11  2.97257e+11  2.97257e+11  1.89009e+09  1.89008e+09 -2.16423e+09
  300.00 -6.31663  6.98873e+10  6.98874e+10  6.98874e+10  1.96863e+08  1.96863e+08 -2.31993e+08
  300.00 -6.29259  2.63357e+10  2.63357e+10  2.63357e+10  7.07496e+07  7.07498e+07 -6.87512e+07
  300.00 -6.26854  7.29297e+10  7.29298e+10  7.29298e+10  2.14092e+08  2.14093e+08 -2.14876e+08
  300.00 -6.24449  1.48378e+10  1.48378e+10  1.48378e+10  4.51760e+07  4.51761e+07 -4.51617e+07
  300.00 -6.22044  3.64758e+08  3.64757e+08  3.64757e+08  1.48798e+06  1.48798e+06 -8.11671e+05
  300.00 -6.19639  1.39840e+09  1.39840e+09  1.39840e+09  4.68484e+06  4.68487e+06 -2.07529e+06
  300.00 -6.17234  1.40814e+10  1.40814e+10  1.40814e+10  1.36702e+07  1.36703e+07 -9.15347e+06
  300.00 -6.14830  8.27767e+10  8.27766e+10  8.27766e+10 -1.72387e+08 -1.72388e+08  1.39510e+08
  300.00 -6.12425  3.30642e+11  3.30641e+11  3.30641e+11 -1.74442e+09 -1.74442e+09  1.61739e+09
  300.00 -6.10020  4.76323e+11  4.76323e+11  4.76323e+11 -2.60025e+09 -2.60026e+09  2.70594e+09
  300.00 -6.07615  9.06394e+10  9.06394e+10  9.06394e+10 -1.12380e+08 -1.12380e+08  1.50185e+08
  300.00 -6.05210  5.20915e+10  5.20915e+10  5.20915e+10  1.68001e+08  1.68001e+08 -1.40318e+08
  300.00 -6.02806  1.19127e+11  1.19127e+11  1.19127e+11  2.91879e+08  2.91881e+08 -3.31621e+08
  300.00 -6.00401  4.98194e+10  4.98193e+10  4.98193e+10 -4.88181e+07 -4.88175e+07  6.66236e+07
  300.00 -5.97996  8.37187e+10  8.37188e+10  8.37188e+10 -3.42639e+08 -3.42638e+08  3.82783e+08
  300.00 -5.95591  1.25764e+11  1.25764e+11  1.25764e+11 -5.67327e+08 -5.67327e+08  5.29023e+08
  300.00 -5.93186  2.06438e+10  2.06438e+10  2.06438e+10 -4.65209e+07 -4.65210e+07  3.68826e+07
  300.00 -5.90782  1.21345e+10  1.21345e+10  1.21345e+10 -1.39917e+07 -1.39917e+07  1.59672e+07
  300.00 -5.88377  1.10454e+10  1.10454e+10  1.10453e+10 -7.78581e+06 -7.78584e+06  9.86902e+06
  300.00 -5.85972  2.17622e+09  2.17621e+09  2.17622e+09  2.11465e+06  2.11466e+06 -1.14663e+06
  300.00 -5.83567  3.09510e+10  3.09510e+10  3.09510e+10  5.83008e+07  5.83011e+07 -5.37976e+07
  300.00 -5.81162  3.45156e+10  3.45156e+10  3.45156e+10  7.75554e+07  7.75558e+07 -7.92446e+07
  300.00 -5.78758  1.26268e+10  1.26268e+10  1.26268e+10  2.20194e+07  2.20196e+07 -1.75193e+07
  300.00 -5.76353  2.88501e+11  2.88501e+11  2.88501e+11 -1.00171e+08 -1.00172e+08  9.42816e+07
  300.00 -5.73948  4.20102e+11  4.20102e+11  4.20102e+11 -6.84416e+08 -6.84422e+08  6.76967e+08
  300.00 -5.71543  1.44980e+11  1.44980e+11  1.44980e+11 -1.04087e+08 -1.04088e+08  1.09060e+08
  300.00 -5.69138  4.58809e+09  4.58809e+09  4.58809e+09  7.52032e+05  7.52013e+05 -6.45853e+05
  300.00 -5.66733  1.71277e+11  1.71277e+11  1.71277e+11  6.87111e+07  6.87111e+07 -6.73038e+07
  300.00 -5.64329  2.45158e+11  2.45158e+11  2.45158e+11  2.84754e+08  2.84753e+08 -2.85908e+08
  300.00 -5.61924  1.53095e+11  1.53095e+11  1.53095e+11  6.24580e+07  6.24568e+07 -6.84334e+07
  300.00 -5.59519  8.11949e+10  8.11950e+10  8.11950e+10 -1.70404e+08 -1.70405e+08  1.98904e+08
  300.00 -5.57114  4.14747e+10  4.14747e+10  4.14747e+10 -1.79517e+08 -1.79518e+08  1.88890e+08
  300.00 -5.54709  5.76869e+08  5.76880e+08  5.76880e+08 -4.30872e+05 -4.30873e+05  3.71431e+06
  300.00 -5.52305  4.50114e+10  4.50114e+10  4.50114e+10 -1.75495e+07 -1.75498e+07  2.20905e+07
  300.00 -5.49900  9.05309e+09  9.05310e+09  9.05310e+09  1.22265e+07  1.22265e+07 -1.51519e+07
  300.00 -5.47495  2.34866e+10  2.34866e+10  2.34866e+10  2.96911e+07  2.96910e+07 -3.11768e+07
  300.00 -5.45090  6.46251e+10  6.46251e+10  6.46251e+10  2.00862e+07  2.00864e+07 -2.03640e+07
  300.00 -5.42685  3.86265e+10  3.86265e+10  3.86265e+10  3.18919e+07  3.18921e+07 -2.93844e+07
  300.00 -5.40281  2.22426e+08  2.22425e+08  2.22426e+08  6.24218e+05  6.24217e+05 -3.15177e+05
  300.00 -5.37876  2.51795e+10  2.51795e+10  2.51795e+10  5.10093e+07  5.10092e+07 -4.77660e+07
  300.00 -5.35471  2.70911e+10  2.70911e+10  2.70911e+10  2.66372e+07  2.66370e+07 -2.42644e+07
  300.00 -5.33066  1.60320e+08  1.60321e+08  1.60320e+08  2.22841e+04  2.22844e+04 -5.61120e+04
  300.00 -5.30661  9.25656e+10  9.25656e+10  9.25656e+10 -2.74589e+07 -2.74579e+07  2.78706e+07
  300.00 -5.28257  2.32843e+11  2.32843e+11  2.32843e+11 -6.63457e+07 -6.63417e+07  6.38794e+07
  300.00 -5.25852  1.48312e+11  1.48312e+11  1.48312e+11  3.43161e+08  3.43163e+08 -3.15969e+08
  300.00 -5.23447  8.17965e+09  8.17967e+09  8.17967e+09  2.89634e+07  2.89633e+07 -3.52481e+07
  300.00 -5.21042  1.03138e+11  1.03138e+11  1.03138e+11  8.33242e+07  8.33238e+07 -6.85682e+07
  300.00 -5.18637  4.93521e+11  4.93521e+11  4.93521e+11 -1.53631e+09 -1.53631e+09  1.43434e+09
  300.00 -5.16232  4.46111e+11  4.46111e+11  4.46111e+11 -1.73750e+09 -1.73750e+09  1.71033e+09
  300.00 -5.13828  6.34842e+10  6.34843e+10  6.34843e+10 -1.89256e+08 -1.89257e+08  1.98901e+08
  300.00 -5.11423  5.31159e+10  5.31159e+10  5.31159e+10 -1.14611e+08 -1.14611e+08  1.03364e+08
  300.00 -5.09018  3.43004e+11  3.43004e+11  3.43004e+11 -1.94418e+08 -1.94419e+08  1.88371e+08
  300.00 -5.06613  2.26289e+11  2.26289e+11  2.26289e+11 -7.65936e+07 -7.65957e+07  7.96226e+07
  300.00 -5.04208  7.70952e+09  7.70948e+09  7.70949e+09 -2.60447e+07 -2.60448e+07  1.62411e+07
  300.00 -5.01804  1.87595e+11  1.87595e+11  1.87595e+11 -8.96958e+08 -8.96961e+08  8.53362e+08
  300.00 -4.99399  1.35418e+11  1.35418e+11  1.35418e+11 -5.65662e+08 -5.65663e+08  5.78828e+08
  300.00 -4.96994  2.57097e+10  2.57097e+10  2.57097e+10 -7.23640e+07 -7.23641e+07  7.64239e+07
  300.00 -4.94589  9.02627e+05  9.02492e+05  9.02578e+05  7.41214e+03  7.41220e+03  1.25773e+04
  300.00 -4.92184  6.06411e+07  6.06437e+07  6.06416e+07 -3.88502e+05 -3.88497e+05  3.69260e+04
  300.00 -4.89780  3.04338e+08  3.04322e+08  3.04336e+08 -7.13968e+05 -7.13994e+05  1.91207e+06
  300.00 -4.87375  6.51030e+10  6.51023e+10  6.51027e+10 -3.56045e+08 -3.56046e+08  3.48314e+08
  300.00 -4.84970  9.69250e+10  9.69225e+10  9.69239e+10 -4.44066e+08 -4.44069e+08  3.80400e+08
  300.00 -4.82565  1.21104e+07  1.21686e+07  1.21328e+07  3.56717e+04  3.56510e+04  5.09303e+04
  300.00 -4.80160  4.65081e+10  4.65161e+10  4.65112e+10  8.68791e+06  8.68790e+06 -7.64009e+06
  300.00 -4.77756  2.87567e+09  2.87127e+09  2.87398e+09 -3.64879e+06 -3.65193e+06  1.57075e+07
  300.00 -4.75351  2.20288e+11  2.20198e+11  2.20254e+11 -1.56811e+09 -1.56831e+09  1.67822e+09
  300.00 -4.72946  3.18371e+11  3.18104e+11  3.18267e+11 -2.80255e+09 -2.80327e+09  2.63973e+09
  300.00 -4.70541  1.23401e+10  1.22220e+10  1.22940e+10 -9.46935e+07 -9.49356e+07  4.27340e+07
  300.00 -4.68136  3.97037e+11  3.98345e+11  3.97545e+11  8.97036e+06  8.96179e+06 -1.03272e+07
  300.00 -4.65731  1.06664e+12  1.07036e+12  1.06809e+12  4.00263e+09  3.99869e+09 -4.19052e+09
  300.00 -4.63327  8.21842e+11  8.27129e+11  8.23894e+11  3.05844e+09  3.05302e+09 -2.99647e+09
  300.00 -4.60922  2.26592e+11  2.30561e+11  2.28130e+11  1.91373e+08  1.90449e+08 -1.73999e+08
  300.00 -4.58517  1.57552e+10  1.67792e+10  1.61493e+10 -1.96881e+07 -1.93413e+07  1.68531e+07
  300.00 -4.56112  1.26917e+09  1.22497e+09  1.25190e+09 -1.59029e+06 -1.60833e+06  1.34970e+06
  300.00 -4.53707  3.23990e+10  3.36400e+10  3.28785e+10 -1.95795e+07 -1.93752e+07  1.78069e+07
  300.00 -4.51303  8.70626e+10  8.97363e+10  8.80966e+10  4.42253e+07  4.38484e+07 -4.02070e+07
  300.00 -4.48898  7.37554e+10  7.56279e+10  7.44800e+10  1.81299e+08  1.79988e+08 -1.65788e+08
  300.00 -4.46493  5.06502e+10  5.15663e+10  5.10051e+10  1.50921e+08  1.50098e+08 -1.61190e+08
  300.00 -4.44088  4.38188e+10  4.42648e+10  4.39918e+10  4.19009e+07  4.17651e+07 -5.16294e+07
  300.00 -4.41683  7.14506e+09  7.23388e+09  7.17949e+09 -6.84980e+06 -6.82217e+06  9.03902e+06
  300.00 -4.39279  9.56639e+08  9.41598e+08  9.50784e+08 -9.25790e+05 -9.30456e+05  1.04595e+06
  300.00 -4.36874  1.05313e+10  1.05086e+10  1.05225e+10 -3.13858e+06 -3.14067e+06  3.13225e+06
  300.00 -4.34469  1.14562e+11  1.14529e+11  1.14549e+11 -8.81063e+07 -8.81142e+07  8.42031e+07
  300.00 -4.32064  4.30371e+11  4.30343e+11  4.30360e+11 -7.17941e+08 -7.17955e+08  7.06840e+08
  300.00 -4.29659  7.62730e+11  7.62715e+11  7.62724e+11 -1.19023e+09 -1.19024e+09  1.19869e+09
  300.00 -4.27255  8.15698e+11  8.15692e+11  8.15695e+11 -7.40128e+08 -7.40130e+08  7.51952e+08
  300.00 -4.24850  4.55667e+11  4.55666e+11  4.55667e+11 -1.48462e+08 -1.48463e+08  1.52852e+08
  300.00 -4.22445  5.29135e+10  5.29133e+10  5.29134e+10  2.06662e+07  2.06662e+07 -2.32699e+07
  300.00 -4.20040  3.72056e+10  3.72057e+10  3.72057e+10  5.59605e+07  5.59603e+07 -4.79308e+07
  300.00 -4.17635  1.48744e+11  1.48744e+11  1.48744e+11  3.84625e+08  3.84624e+08 -3.56351e+08
  300.00 -4.15230  2.16411e+11  2.16411e+11  2.16411e+11  8.29289e+08  8.29289e+08 -7.91710e+08
  300.00 -4.12826  3.60672e+11  3.60672e+11  3.60672e+11  1.70476e+09  1.70477e+09 -1.71608e+09
  300.00 -4.10421  3.74797e+11  3.74798e+11  3.74798e+11  1.65020e+09  1.65020e+09 -1.79162e+09
  300.00 -4.08016  1.37199e+11  1.37199e+11  1.37199e+11  1.84163e+08  1.84164e+08 -2.42483e+08
  300.00 -4.05611  4.74469e+08  4.74441e+08  4.74441e+08 -5.71518e+06 -5.71519e+06 -2.01483e+06
  300.00 -4.03206  2.79396e+11  2.79395e+11  2.79396e+11 -1.78679e+09 -1.78679e+09  1.74191e+09
  300.00 -4.00802  7.19602e+11  7.19603e+11  7.19603e+11 -2.74107e+09 -2.74108e+09  2.90125e+09
  300.00 -3.98397  3.91618e+11  3.91618e+11  3.91619e+11 -2.99014e+08 -2.99029e+08  3.17692e+08
  300.00 -3.95992  2.65828e+10  2.65828e+10  2.65832e+10 -7.40992e+06 -7.41255e+06  7.17059e+06
  300.00 -3.93587  1.65709e+09  1.65713e+09  1.65690e+09 -1.72730e+06 -1.72716e+06  2.68507e+06
  300.00 -3.91182  3.89408e+09  3.89426e+09  3.89353e+09 -7.21348e+06 -7.21355e+06  7.89876e+06
  300.00 -3.88778  6.54803e+09  6.54867e+09  6.54691e+09 -1.40003e+07 -1.40041e+07  1.34432e+07
  300.00 -3.86373  5.98590e+09  5.98435e+09  5.98713e+09 -1.06088e+07 -1.06336e+07  1.53094e+07
  300.00 -3.83968  1.08444e+11  1.08431e+11  1.08448e+11 -3.90281e+07 -3.96536e+07  4.93175e+07
  300.00 -3.81563  2.06867e+11  2.06846e+11  2.06870e+11  6.22215e+08  6.20358e+08 -7.46180e+08
  300.00 -3.79158  7.86170e+10  7.86086e+10  7.86181e+10  4.37744e+08  4.36785e+08 -4.50938e+08
  300.00 -3.76754  2.58015e+10  2.58020e+10  2.58012e+10  7.13995e+07  7.12704e+07 -1.22954e+08
  300.00 -3.74349  2.48542e+11  2.48539e+11  2.48540e+11 -1.60883e+08 -1.61216e+08  1.96171e+08
  300.00 -3.71944  1.16092e+11  1.16091e+11  1.16093e+11 -4.16505e+08 -4.15661e+08  4.62479e+08
  300.00 -3.69539  1.60121e+10  1.60129e+10  1.60101e+10 -4.92028e+07 -4.89736e+07  5.94837e+07
  300.00 -3.67134  1.36247e+11  1.36245e+11  1.36240e+11 -1.65896e+08 -1.64365e+08  1.83120e+08
  300.00 -3.64729  2.34684e+11  2.34666e+11  2.34680e+11 -3.68527e+06 -2.12526e+06  1.85835e+06
  300.00 -3.62325  4.38468e+11  4.38435e+11  4.38476e+11  1.82598e+07  1.94897e+07 -2.20025e+07
  300.00 -3.59920  3.76354e+11  3.76347e+11  3.76371e+11  1.45241e+08  1.45249e+08 -1.46763e+08
  300.00 -3.57515  4.38483e+10  4.38607e+10  4.38547e+10 -1.81088e+07 -1.81971e+07  1.38147e+07
  300.00 -3.55110  1.10065e+11  1.10031e+11  1.10053e+11 -3.22709e+08 -3.22956e+08  3.76306e+08
  300.00 -3.52705  2.93769e+11  2.93715e+11  2.93742e+11 -1.22953e+09 -1.23017e+09  1.19090e+09
  300.00 -3.50301  6.44549e+10  6.44410e+10  6.44457e+10 -1.55614e+08 -1.55738e+08  1.33329e+08
  300.00 -3.47896  4.16524e+09  4.16528e+09  4.16433e+09 -4.97144e+06 -4.97510e+06  4.96627e+06
  300.00 -3.45491  3.37262e+09  3.37369e+09  3.37540e+09 -6.30413e+06 -6.30845e+06  9.36275e+06
  300.00 -3.43086  1.50569e+11  1.50575e+11  1.50588e+11 -4.99705e+08 -4.99843e+08  4.79818e+08
  300.00 -3.40681  1.02126e+11  1.02130e+11  1.02140e+11 -1.65465e+08 -1.65552e+08  1.42215e+08
  300.00 -3.38277  1.65640e+09  1.65594e+09  1.65514e+09  1.00067e+05  9.93402e+04 -1.33288e+05
  300.00 -3.35872  1.96908e+10  1.96898e+10  1.96882e+10 -2.14199e+07 -2.14236e+07  1.98300e+07
  300.00 -3.33467  1.74600e+10  1.74606e+10  1.74613e+10 -3.14519e+07 -3.14551e+07  2.28303e+07
  300.00 -3.31062  1.36322e+11  1.36322e+11  1.36323e+11  2.04400e+08  2.04393e+08 -1.54098e+08
  300.00 -3.28657  1.26360e+10  1.26356e+10  1.26358e+10  1.18876e+08  1.18876e+08 -4.04330e+07
  300.00 -3.26253  2.72599e+11  2.72601e+11  2.72600e+11  2.71208e+09  2.71207e+09 -2.88185e+09
  300.00 -3.23848  5.60879e+11  5.60873e+11  5.60873e+11  4.65499e+09  4.65497e+09 -3.94517e+09
  300.00 -3.21443  7.76917e+10  7.76917e+10  7.76916e+10 -1.70651e+07 -1.70657e+07  9.60307e+06
  300.00 -3.19038  5.66506e+10  5.66507e+10  5.66507e+10 -2.13760e+08 -2.13760e+08  2.28483e+08
  300.00 -3.16633  1.27455e+11  1.27455e+11  1.27455e+11 -1.22175e+08 -1.22173e+08  1.00225e+08
  300.00 -3.14228  4.71369e+10  4.71369e+10  4.71369e+10  1.08516e+08  1.08517e+08 -1.03312e+08
  300.00 -3.11824  1.23113e+10  1.23114e+10  1.23113e+10  3.71122e+06  3.71140e+06 -7.04108e+06
  300.00 -3.09419  1.36736e+10  1.36736e+10  1.36736e+10 -2.75726e+07 -2.75724e+07  4.54721e+07
  300.00 -3.07014  6.90043e+08  6.90053e+08  6.90052e+08 -9.45835e+05 -9.45821e+05  4.09631e+06
  300.00 -3.04609  1.41256e+11  1.41255e+11  1.41255e+11 -6.56730e+08 -6.56732e+08  5.74728e+08
  300.00 -3.02204  6.71430e+11  6.71428e+11  6.71428e+11 -4.43746e+09 -4.43748e+09  4.10616e+09
  300.00 -2.99800  8.41721e+11  8.41720e+11  8.41720e+11 -6.36376e+09 -6.36378e+09  6.21399e+09
  300.00 -2.97395  1.81164e+11  1.81165e+11  1.81165e+11 -1.15999e+09 -1.15999e+09  1.26902e+09
  300.00 -2.94990  1.18540e+11  1.18539e+11  1.18539e+11 -6.25269e+08 -6.25270e+08  4.65341e+08
  300.00 -2.92585  5.28142e+11  5.28142e+11  5.28142e+11 -5.38601e+08 -5.38594e+08  4.53759e+08
  300.00 -2.90180  2.65911e+11  2.65911e+11  2.65911e+11  7.22839e+08  7.22843e+08 -5.81833e+08
  300.00 -2.87776  4.11682e+09  4.11655e+09  4.11655e+09  4.66358e+07  4.66358e+07 -2.33218e+06
  300.00 -2.85371  7.27081e+10  7.27098e+10  7.27098e+10  6.36947e+08  6.36948e+08 -8.08668e+08
  300.00 -2.82966  8.31155e+10  8.31137e+10  8.31138e+10  8.77020e+08  8.77021e+08 -6.84698e+08
  300.00 -2.80561  1.15529e+09  1.15521e+09  1.15522e+09  1.35632e+07  1.35632e+07  3.78786e+06
  300.00 -2.78156  9.96800e+10  9.96800e+10  9.96800e+10  7.06807e+07  7.06813e+07 -8.30630e+07
  300.00 -2.75752  3.72964e+11  3.72964e+11  3.72964e+11  4.99543e+08  4.99545e+08 -4.81934e+08
  300.00 -2.73347  2.49249e+11  2.49248e+11  2.49248e+11  9.41180e+08  9.41182e+08 -9.25590e+08
  300.00 -2.70942  7.59878e+10  7.59877e+10  7.59876e+10  2.23495e+08  2.23496e+08 -1.78866e+08
  300.00 -2.68537  1.15380e+12  1.15380e+12  1.15380e+12 -1.23515e+09 -1.23516e+09  1.20325e+09
  300.00 -2.66132  1.11444e+12  1.11444e+12  1.11444e+12  4.17129e+07  4.17014e+07 -4.47578e+07
  300.00 -2.63727  1.00482e+11  1.00482e+11  1.00482e+11  3.45402e+08  3.45402e+08 -4.32326e+08
  300.00 -2.61323  8.40605e+10  8.40607e+10  8.40606e+10  4.01885e+08  4.01885e+08 -4.39944e+08
  300.00 -2.58918  4.29502e+10  4.29503e+10  4.29502e+10  8.46567e+07  8.46569e+07 -1.25710e+08
  300.00 -2.56513  5.00379e+10  5.00379e+10  5.00379e+10 -1.77789e+07 -1.77787e+07  1.47809e+07
  300.00 -2.54108  9.33315e+10  9.33315e+10  9.33315e+10 -2.10955e+07 -2.10954e+07  2.21341e+07
  300.00 -2.51703  1.95531e+10  1.95531e+10  1.95531e+10  1.50750e+07  1.50749e+07 -1.28337e+07
  300.00 -2.49299  3.78056e+11  3.78056e+11  3.78056e+11  5.56268e+08  5.56265e+08 -5.28349e+08
  300.00 -2.46894  6.08328e+11  6.08328e+11  6.08328e+11  1.90364e+09  1.90363e+09 -1.83785e+09
  300.00 -2.44489  4.28453e+11  4.28454e+11  4.28454e+11  1.56200e+09  1.56199e+09 -1.60088e+09
  300.00 -2.42084  8.82883e+10  8.82883e+10  8.82883e+10  1.86277e+08  1.86275e+08 -2.06751e+08
  300.00 -2.39679  1.99824e+06  1.99821e+06  1.99832e+06 -4.26559e+02 -4.26755e+02 -6.38048e+03
  300.00 -2.37275  6.18964e+09  6.18965e+09  6.18965e+09  1.44315e+07  1.44315e+07 -1.77560e+07
  300.00 -2.34870  6.77110e+10  6.77110e+10  6.77110e+10  2.09200e+08  2.09200e+08 -1.98090e+08
  300.00 -2.32465  2.02620e+11  2.02620e+11  2.02620e+11  4.04692e+08  4.04693e+08 -3.72168e+08
  300.00 -2.30060  1.87367e+11  1.87367e+11  1.87367e+11  1.31205e+08  1.31206e+08 -1.15858e+08
  300.00 -2.27655  1.72102e+10  1.72102e+10  1.72102e+10 -3.31946e+07 -3.31945e+07  1.79228e+07
  300.00 -2.25251  5.42582e+10  5.42584e+10  5.42585e+10 -2.18620e+08 -2.18620e+08  2.74710e+08
  300.00 -2.22846  2.87297e+09  2.87293e+09  2.87293e+09 -1.92462e+07 -1.92462e+07  1.18066e+07
  300.00 -2.20441  1.81066e+11  1.81066e+11  1.81066e+11 -4.46322e+08 -4.46323e+08  5.31330e+08
  300.00 -2.18036  1.76881e+11  1.76881e+11  1.76881e+11  7.41274e+07  7.41261e+07 -8.18821e+07
  300.00 -2.15631  4.03256e+08  4.03256e+08  4.03256e+08  5.08136e+05  5.08127e+05  6.37709e+04
  300.00 -2.13226  1.65073e+10  1.65074e+10  1.65074e+10 -3.20744e+07 -3.20745e+07  6.85228e+07
  300.00 -2.10822  2.17099e+05  2.17641e+05  2.17501e+05  5.55710e+04  5.55614e+04  5.76028e+04
  300.00 -2.08417  8.00216e+08  8.00202e+08  8.00217e+08 -5.99821e+06 -5.99812e+06  2.90711e+06
  300.00 -2.06012  2.50713e+10  2.50712e+10  2.50713e+10 -1.81896e+08 -1.81894e+08  1.52681e+08
  300.00 -2.03607  1.81852e+11  1.81853e+11  1.81854e+11 -1.29779e+09 -1.29777e+09  1.42880e+09
  300.00 -2.01202  9.07362e+10  9.07375e+10  9.07391e+10 -2.54248e+08 -2.54229e+08  3.93400e+08
  300.00 -1.98798  2.55064e+10  2.55055e+10  2.55035e+10  3.49212e+07  3.49364e+07 -2.21262e+07
  300.00 -1.96393  2.86418e+11  2.86410e+11  2.86395e+11  3.62853e+08  3.63168e+08 -3.91554e+08
  300.00 -1.93988  4.25959e+11  4.25939e+11  4.25893e+11 -7.11336e+08 -7.10322e+08  8.31046e+08
  300.00 -1.91583  3.67449e+11  3.67407e+11  3.67309e+11 -2.24358e+09 -2.24175e+09  2.56581e+09
  300.00 -1.89178  4.00813e+11  4.00705e+11  4.00472e+11 -3.63996e+09 -3.63379e+09  3.37219e+09
  300.00 -1.86774  3.64971e+11  3.64741e+11  3.64244e+11 -1.67682e+09 -1.65523e+09  1.25719e+09
  300.00 -1.84369  3.38758e+10  3.37302e+10  3.34147e+10  1.24783e+08  1.32976e+08 -6.21260e+07
  300.00 -1.81964  1.67687e+11  1.68276e+11  1.69558e+11  6.65115e+08  7.13894e+08 -8.19875e+08
  300.00 -1.79559  4.74532e+11  4.76038e+11  4.79315e+11  2.80057e+09  3.11431e+09 -3.36886e+09
  300.00 -1.77154  5.34601e+11  5.36382e+11  5.40223e+11  4.65999e+09  5.36785e+09 -5.01844e+09
  300.00 -1.74749  3.50140e+11  3.50858e+11  3.52131e+11  1.79084e+09  2.61002e+09 -1.69450e+09
  300.00 -1.72345  5.64369e+10  5.63088e+10  5.54607e+10 -3.12481e+08 -1.28240e+08  1.00086e+08
  300.00 -1.69940  7.06159e+09  7.05914e+09  6.46681e+09 -3.62514e+07 -2.52417e+07  5.47781e+07
  300.00 -1.67535  4.86567e+10  4.90490e+10  4.76006e+10 -1.59537e+06  4.97136e+07 -1.01574e+08
  300.00 -1.65130  1.61504e+11  1.61748e+11  1.60340e+11  1.07125e+09  1.35135e+09 -1.51895e+09
  300.00 -1.62725  2.73973e+11  2.72836e+11  2.72417e+11  1.38849e+09  1.80350e+09 -1.35331e+09
  300.00 -1.60321  3.27100e+11  3.25529e+11  3.25427e+11 -3.83029e+08 -1.42337e+08  1.50701e+08
  300.00 -1.57916  3.03633e+11  3.02848e+11  3.02151e+11 -5.85176e+08 -5.06915e+08  5.50354e+08
  300.00 -1.55511  5.04291e+10  5.05318e+10  4.97305e+10  3.32690e+07  3.65564e+07 -5.43367e+07
  300.00 -1.53106  3.78183e+11  3.76513e+11  3.81179e+11  1.69605e+09  1.66510e+09 -1.36391e+09
  300.00 -1.50701  2.62394e+12  2.61442e+12  2.63758e+12  2.29804e+10  2.22185e+10 -2.05824e+10
  300.00 -1.48297  4.00602e+12  3.98814e+12  4.03024e+12  5.49157e+10  5.20012e+10 -5.10435e+10
  300.00 -1.45892  2.63486e+12  2.62465e+12  2.64852e+12  3.05171e+10  2.71014e+10 -2.88911e+10
  300.00 -1.43487  1.03384e+12  1.03680e+12  1.02999e+12  1.29738e+09 -2.06014e+08  1.25170e+09
  300.00 -1.41082  1.84382e+11  1.88051e+11  1.79573e+11 -8.08106e+08 -9.97793e+08  1.27962e+09
  300.00 -1.38677  4.43701e+10  4.59158e+10  4.23554e+10 -1.73628e+08 -1.97023e+08  2.00528e+08
  300.00 -1.36273  1.04975e+11  1.06428e+11  1.03060e+11 -3.30726e+08 -3.56614e+08  3.52546e+08
  300.00 -1.33868  4.07257e+10  4.12263e+10  4.00690e+10 -1.01227e+08 -1.05356e+08  9.75300e+07
  300.00 -1.31463  2.69000e+10  2.66910e+10  2.71703e+10 -4.34100e+07 -4.41137e+07  4.50304e+07
  300.00 -1.29058  3.96641e+11  3.96227e+11  3.97123e+11 -9.10932e+08 -8.96695e+08  8.58942e+08
  300.00 -1.26653  1.21108e+12  1.21064e+12  1.21144e+12 -4.07214e+09 -3.93749e+09  3.80402e+09
  300.00 -1.24248  2.04168e+12  2.04118e+12  2.04187e+12 -6.64681e+09 -6.17493e+09  5.91307e+09
  300.00 -1.21844  2.50574e+12  2.50514e+12  2.50582e+12 -7.37798e+09 -6.31460e+09  5.75225e+09
  300.00 -1.19439  1.91487e+12  1.91441e+12  1.91491e+12 -4.79913e+09 -3.52760e+09  2.87231e+09
  300.00 -1.17034  6.37554e+11  6.37490e+11  6.37583e+11 -8.04822e+08 -2.79552e+08 -1.93777e+07
  300.00 -1.14629  7.50037e+10  7.50707e+10  7.50077e+10 -8.78910e+06  4.82362e+07 -8.45024e+07
  300.00 -1.12224  9.12701e+09  9.16188e+09  9.12540e+09  6.34885e+05  5.97817e+06 -6.58871e+06
  300.00 -1.09820  3.49559e+10  3.50077e+10  3.49507e+10 -3.98093e+07 -3.02093e+07  1.77196e+07
  300.00 -1.07415  9.32483e+10  9.32890e+10  9.32393e+10 -2.31263e+08 -2.21539e+08  1.72801e+08
  300.00 -1.05010  1.43321e+10  1.43319e+10  1.43274e+10 -7.80857e+07 -7.77568e+07  3.58424e+07
  300.00 -1.02605  1.46654e+11  1.46716e+11  1.46682e+11 -8.89245e+08 -8.85413e+08  1.05107e+09
  300.00 -1.00200  5.49955e+11  5.50290e+11  5.50072e+11 -4.53999e+09 -4.53201e+09  4.63291e+09
  300.00 -0.97796  4.70046e+11  4.70771e+11  4.70286e+11 -4.80412e+09 -4.79581e+09  4.49551e+09
  300.00 -0.95391  4.29694e+11  4.31205e+11  4.30185e+11 -4.26044e+09 -4.24218e+09  2.91968e+09
  300.00 -0.92986  1.10939e+12  1.11459e+12  1.11110e+12  6.09789e+09  6.22174e+09 -4.07507e+09
  300.00 -0.90581  2.20054e+12  2.21572e+12  2.20547e+12  5.25724e+10  5.31986e+10 -4.47212e+10
  300.00 -0.88176  1.74929e+12  1.77386e+12  1.75757e+12  4.75881e+10  4.88254e+10 -5.25395e+10
  300.00 -0.85772  2.19950e+11  2.29404e+11  2.23109e+11  3.35084e+09  3.62389e+09 -6.46441e+09
  300.00 -0.83367  2.82420e+11  2.81153e+11  2.82015e+11  2.96252e+09  3.67532e+09 -2.14168e+09
  300.00 -0.80962  8.24728e+11  8.38704e+11  8.29317e+11 -7.75121e+08  6.54142e+08 -3.68783e+08
  300.00 -0.78557  2.11715e+11  2.19658e+11  2.14313e+11 -7.55441e+08 -5.64842e+08  5.47361e+08
  300.00 -0.76152  2.69112e+10  2.49454e+10  2.62556e+10 -5.80314e+07 -4.55807e+07  3.69508e+07
  300.00 -0.73747  6.71273e+10  6.52214e+10  6.64996e+10  7.12923e+07  8.49240e+07 -6.99947e+07
  300.00 -0.71343  1.06690e+09  9.42462e+08  1.02611e+09  1.53591e+06  1.57108e+06 -2.44876e+06
  300.00 -0.68938  3.75871e+09  3.87446e+09  3.79193e+09  4.04576e+05  5.75737e+05 -2.33488e+05
  300.00 -0.66533  4.36075e+10  4.37758e+10  4.36276e+10 -1.02798e+08 -1.02188e+08  8.78344e+07
  300.00 -0.64128  1.76157e+11  1.76247e+11  1.76038e+11 -3.87015e+08 -3.85967e+08  4.03233e+08
  300.00 -0.61723  2.31162e+11  2.31069e+11  2.30790e+11 -1.08764e+08 -1.07904e+08  1.14299e+08
  300.00 -0.59319  3.59094e+11  3.58728e+11  3.58175e+11  5.37637e+07  5.54512e+07 -5.61655e+07
  300.00 -0.56914  5.94482e+11  5.93647e+11  5.92537e+11  1.44480e+06  6.89986e+06 -8.80158e+06
  300.00 -0.54509  4.60175e+11  4.59221e+11  4.57982e+11  2.15399e+07  2.93318e+07 -3.08495e+07
  300.00 -0.52104  1.32528e+11  1.32147e+11  1.31649e+11 -1.62458e+08 -1.58407e+08  1.19287e+08
  300.00 -0.49699  1.42918e+08  1.45531e+08  1.48611e+08 -5.84594e+06 -5.85372e+06 -4.34485e+06
  300.00 -0.47295  3.94129e+10  3.91557e+10  3.88240e+10 -2.81555e+08 -2.79253e+08  5.93897e+08
  300.00 -0.44890  1.43159e+10  1.41485e+10  1.39329e+10 -1.82912e+08 -1.81104e+08  2.12189e+08
  300.00 -0.42485  3.04845e+10  3.03214e+10  3.01097e+10 -3.92144e+08 -3.90503e+08  3.18614e+08
  300.00 -0.40080  2.64291e+11  2.64045e+11  2.63708e+11 -2.91796e+09 -2.91535e+09  3.02024e+09
  300.00 -0.37675  5.39876e+11  5.39757e+11  5.39539e+11 -7.85447e+09 -7.85254e+09  8.13460e+09
  300.00 -0.35271  2.40581e+11  2.40618e+11  2.40595e+11 -4.41331e+09 -4.41323e+09  3.66992e+09
  300.00 -0.32866  1.05245e+09  1.06508e+09  1.07099e+09 -4.68026e+07 -4.68440e+07 -2.23778e+07
  300.00 -0.30461  5.42545e+09  5.36459e+09  5.33225e+09  9.27317e+06  9.17791e+06  6.60412e+07
  300.00 -0.28056  3.32145e+09  3.39883e+09  3.44168e+09  1.47439e+07  1.40728e+07  5.05774e+06
  300.00 -0.25651  3.83200e+09  3.92099e+09  3.97112e+09  9.65157e+07  9.53556e+07  1.41213e+07
  300.00 -0.23246  4.13159e+07  3.83536e+07  3.68202e+07  1.53871e+06  1.51544e+06  6.08011e+05
  300.00 -0.20842  8.30446e+08  8.58429e+08  8.74787e+08  1.45740e+07  1.42609e+07  1.64018e+06
  300.00 -0.18437  1.08336e+10  1.09858e+10  1.10749e+10  7.49431e+07  7.35253e+07 -5.76012e+07
  300.00 -0.16032  1.14174e+10  1.15293e+10  1.15998e+10  8.73208e+07  8.64936e+07 -5.18145e+07
  300.00 -0.13627  5.72591e+09  5.69162e+09  5.66183e+09  3.67780e+06  3.71757e+06 -2.77337e+07
  300.00 -0.11222  2.08352e+10  2.08414e+10  2.08082e+10 -3.37947e+07 -3.38596e+07  5.28815e+07
  300.00 -0.08818  4.07660e+10  4.06916e+10  4.07184e+10 -6.02018e+07 -5.96823e+07  8.53470e+07
  300.00 -0.06413  1.84811e+11  1.84670e+11  1.84694e+11  4.65269e+08  4.69122e+08 -6.09896e+08
  300.00 -0.04008  3.66059e+09  3.66504e+09  3.66465e+09  1.18688e+07  1.19277e+07 -3.19316e+07
  300.00 -0.01603  3.01432e+11  3.01193e+11  3.01208e+11  1.92961e+09  1.93534e+09 -1.98200e+09
  300.00  0.00802  1.21775e+12  1.21721e+12  1.21724e+12  6.40258e+09  6.41635e+09 -6.74857e+09
  300.00  0.03206  2.09701e+12  2.09648e+12  2.09649e+12  7.78907e+09  7.80206e+09 -8.10259e+09
  300.00  0.05611  2.27736e+12  2.27701e+12  2.27701e+12  6.62629e+09  6.63359e+09 -6.78715e+09
  300.00  0.08016  2.30074e+12  2.30053e+12  2.30054e+12  6.63451e+09  6.63822e+09 -6.70713e+09
  300.00  0.10421  1.95506e+12  1.95496e+12  1.95496e+12  7.54648e+09  7.54809e+09 -7.61013e+09
  300.00  0.12826  5.57079e+11  5.57049e+11  5.57050e+11  2.22990e+09  2.23012e+09 -2.29891e+09
  300.00  0.15230  2.68351e+10  2.68383e+10  2.68382e+10  7.62585e+07  7.62656e+07 -6.81507e+07
  300.00  0.17635  4.27432e+11  4.27438e+11  4.27438e+11  8.06432e+08  8.06468e+08 -7.98857e+08
  300.00  0.20040  5.86559e+11  5.86561e+11  5.86561e+11  8.64842e+08  8.64864e+08 -8.57577e+08
  300.00  0.22445  4.23724e+11  4.23724e+11  4.23725e+11  1.25090e+08  1.25093e+08 -1.25065e+08
  300.00  0.24850  4.08390e+11  4.08390e+11  4.08390e+11  1.38821e+08  1.38814e+08 -1.51784e+08
  300.00  0.27255  8.16489e+11  8.16492e+11  8.16492e+11  4.17764e+09  4.17762e+09 -4.75516e+09
  300.00  0.29659  1.06083e+12  1.06084e+12  1.06083e+12  1.12053e+10  1.12052e+10 -1.14031e+10
  300.00  0.32064  6.03541e+11  6.03535e+11  6.03535e+11  4.22081e+09  4.22081e+09 -3.37898e+09
  300.00  0.34469  8.29044e+10  8.29037e+10  8.29037e+10 -3.77961e+08 -3.77960e+08  1.72189e+08
  300.00  0.36874  4.84815e+10  4.84780e+10  4.84780e+10 -6.72195e+08 -6.72195e+08  3.40313e+08
  300.00  0.39279  5.94187e+11  5.94177e+11  5.94177e+11 -8.52098e+09 -8.52098e+09  7.83509e+09
  300.00  0.41683  1.45183e+12  1.45184e+12  1.45184e+12 -1.77120e+10 -1.77120e+10  1.84259e+10
  300.00  0.44088  1.10695e+12  1.10696e+12  1.10696e+12 -7.12305e+09 -7.12305e+09  7.93548e+09
  300.00  0.46493  5.33633e+11  5.33633e+11  5.33633e+11 -1.59182e+09 -1.59182e+09  1.72949e+09
  300.00  0.48898  2.71622e+11  2.71622e+11  2.71622e+11 -8.21989e+08 -8.21993e+08  8.90894e+08
  300.00  0.51303  9.70037e+09  9.70044e+09  9.70044e+09 -8.84022e+06 -8.84019e+06  3.41370e+07
  300.00  0.53707  2.09534e+11  2.09534e+11  2.09534e+11  3.89036e+08  3.89040e+08 -2.21471e+08
  300.00  0.56112  7.40496e+11  7.40438e+11  7.40438e+11  1.18726e+10  1.18726e+10 -7.40047e+09
  300.00  0.58517  1.50777e+12  1.50760e+12  1.50760e+12  4.69933e+10  4.69933e+10 -4.09609e+10
  300.00  0.60922  2.39838e+12  2.39889e+12  2.39889e+12  6.47554e+10  6.47554e+10 -8.16977e+10
  300.00  0.63327  2.85020e+12  2.85033e+12  2.85033e+12  2.81153e+10  2.81152e+10 -3.93559e+10
  300.00  0.65731  3.01951e+12  3.01955e+12  3.01955e+12 -2.29050e+10 -2.29051e+10  2.75518e+10
  300.00  0.68136  2.87637e+12  2.87639e+12  2.87639e+12 -4.10066e+10 -4.10066e+10  4.21573e+10
  300.00  0.70541  1.82476e+12  1.82476e+12  1.82476e+12 -2.18599e+10 -2.18599e+10  2.18421e+10
  300.00  0.72946  4.19568e+11  4.19589e+11  4.19589e+11 -6.28704e+09 -6.28705e+09  7.52742e+09
  300.00  0.75351  2.51111e+10  2.50939e+10  2.50939e+10 -1.05267e+09 -1.05267e+09  5.10379e+08
  300.00  0.77756  2.74710e+11  2.74764e+11  2.74764e+11 -7.15874e+09 -7.15875e+09  8.96438e+09
  300.00  0.80160  5.47555e+09  5.47759e+09  5.47757e+09  4.48843e+07  4.48845e+07  1.55530e+08
  300.00  0.82565  6.29316e+11  6.29312e+11  6.29312e+11  3.84399e+09  3.84398e+09 -3.11209e+09
  300.00  0.84970  1.72432e+12  1.72432e+12  1.72432e+12  1.90890e+10  1.90891e+10 -1.89357e+10
  300.00  0.87375  7.39213e+11  7.39216e+11  7.39216e+11  5.71280e+09  5.71281e+09 -6.07713e+09
  300.00  0.89780  2.59526e+11  2.59526e+11  2.59526e+11  5.47244e+08  5.47239e+08 -5.64585e+08
  300.00  0.92184  2.60458e+12  2.60459e+12  2.60459e+12  1.93084e+10  1.93083e+10 -2.08082e+10
  300.00  0.94589  3.86266e+12  3.86269e+12  3.86269e+12  5.76835e+10  5.76836e+10 -5.94322e+10
  300.00  0.96994  3.21015e+12  3.21012e+12  3.21012e+12  3.50911e+10  3.50912e+10 -3.21692e+10
  300.00  0.99399  1.64676e+12  1.64676e+12  1.64676e+12 -4.88702e+09 -4.88701e+09  3.93539e+09
  300.00  1.01804  6.99002e+11  6.98972e+11  6.98972e+11 -1.04355e+10 -1.04356e+10  8.20299e+09
  300.00  1.04208  6.23797e+11  6.23776e+11  6.23776e+11 -1.06814e+10 -1.06814e+10  9.38770e+09
  300.00  1.06613  1.27229e+12  1.27226e+12  1.27226e+12 -2.18944e+10 -2.18944e+10  1.97415e+10
  300.00  1.09018  2.95972e+12  2.95963e+12  2.95963e+12 -5.60290e+10 -5.60290e+10  5.11182e+10
  300.00  1.11423  4.86435e+12  4.86422e+12  4.86422e+12 -9.58843e+10 -9.58843e+10  8.91076e+10
  300.00  1.13828  5.18895e+12  5.18885e+12  5.18885e+12 -1.00198e+11 -1.00198e+11  9.48387e+10
  300.00  1.16232  3.65618e+12  3.65614e+12  3.65614e+12 -6.51052e+10 -6.51053e+10  6.30721e+10
  300.00  1.18637  1.09338e+12  1.09340e+12  1.09339e+12 -1.74052e+10 -1.74053e+10  1.81741e+10
  300.00  1.21042  3.37366e+10  3.37303e+10  3.37303e+10 -6.67767e+08 -6.67768e+08  1.56674e+08
  300.00  1.23447  2.18783e+12  2.18782e+12  2.18782e+12 -1.06377e+10 -1.06377e+10  9.43336e+09
  300.00  1.25852  5.82320e+12  5.82321e+12  5.82321e+12 -2.97100e+10 -2.97099e+10  3.18346e+10
  300.00  1.28257  6.52953e+12  6.52984e+12  6.52984e+12 -1.26422e+11 -1.26421e+11  1.41644e+11
  300.00  1.30661  3.95498e+12  3.95492e+12  3.95492e+12 -1.45346e+11 -1.45345e+11  1.43726e+11
  300.00  1.33066  1.36874e+12  1.36820e+12  1.36820e+12 -5.24604e+10 -5.24604e+10  3.61827e+10
  300.00  1.35471  4.78817e+11  4.78765e+11  4.78765e+11 -7.72888e+09 -7.72889e+09  3.18797e+09
  300.00  1.37876  4.71280e+11  4.71250e+11  4.71249e+11  5.98874e+09  5.98873e+09 -2.64881e+09
  300.00  1.40281  3.32130e+11  3.31917e+11  3.31917e+11  1.37641e+10  1.37641e+10 -6.75434e+09
  300.00  1.42685  1.06665e+10  1.06940e+10  1.06940e+10  1.71799e+08  1.71799e+08 -7.91261e+08
  300.00  1.45090  1.09354e+10  1.08935e+10  1.08935e+10  1.22750e+09  1.22750e+09  7.53005e+08
  300.00  1.47495  2.62688e+11  2.62967e+11  2.62967e+11 -4.37479e+08 -4.37483e+08  1.20872e+10
  300.00  1.49900  2.01503e+12  2.01748e+12  2.01748e+12 -1.26510e+11 -1.26511e+11  1.59867e+11
  300.00  1.52305  2.93998e+12  2.93103e+12  2.93103e+12 -3.14892e+11 -3.14892e+11  2.21946e+11
  300.00  1.54709  5.62376e+11  5.60235e+11  5.60235e+11 -4.82454e+10 -4.82454e+10  2.68641e+09
  300.00  1.57114  9.44863e+11  9.49356e+11  9.49356e+11  9.52207e+09  9.52208e+09 -9.35050e+10
  300.00  1.59519  3.53418e+12  3.55058e+12  3.55058e+12  2.50272e+11  2.50272e+11 -4.28725e+11
  300.00  1.61924  2.67047e+12  2.67167e+12  2.67167e+12  2.10451e+11  2.10451e+11 -2.25725e+11
  300.00  1.64329  7.79768e+11  7.78945e+11  7.78945e+11  5.02733e+10  5.02733e+10 -3.47369e+10
  300.00  1.66733  6.40317e+10  6.39748e+10  6.39747e+10  3.10630e+09  3.10630e+09 -1.48832e+09
  300.00  1.69138  4.07010e+09  4.05362e+09  4.05361e+09  3.75617e+08  3.75617e+08  5.58124e+07
  300.00  1.71543  3.08902e+10  3.09707e+10  3.09706e+10  1.16675e+09  1.16675e+09 -2.54188e+09
  300.00  1.73948  9.58281e+09  9.41675e+09  9.41676e+09  2.74225e+09  2.74225e+09  2.05645e+09
  300.00  1.76353  4.13196e+11  4.12882e+11  4.12882e+11 -1.60137e+10 -1.60137e+10  8.07525e+08
  300.00  1.78758  9.80589e+11  9.80210e+11  9.80210e+11 -5.45318e+10 -5.45318e+10  4.74390e+10
  300.00  1.81162  1.32445e+12  1.32499e+12  1.32499e+12 -2.19035e+10 -2.19035e+10  4.33549e+10
  300.00  1.83567  1.54441e+12  1.54453e+12  1.54453e+12  1.28319e+10  1.28319e+10 -2.29356e+10
  300.00  1.85972  1.18939e+12  1.18948e+12  1.18948e+12  2.39570e+10  2.39570e+10 -2.79440e+10
  300.00  1.88377  1.40791e+11  1.40781e+11  1.40781e+11  2.53968e+09  2.53968e+09 -1.85658e+09
  300.00  1.90782  2.74304e+11  2.74310e+11  2.74310e+11  2.72145e+09  2.72145e+09 -3.31489e+09
  300.00  1.93186  7.26151e+11  7.26160e+11  7.26160e+11  7.54621e+09  7.54621e+09 -8.37555e+09
  300.00  1.95591  3.62462e+11  3.62473e+11  3.62473e+11  3.09972e+09  3.09972e+09 -4.18421e+09
  300.00  1.97996  2.15199e+10  2.15204e+10  2.15204e+10 -5.60069e+06 -5.60063e+06 -1.37337e+08
  300.00  2.00401  4.05977e+10  4.05928e+10  4.05927e+10 -6.41572e+08 -6.41572e+08  1.09373e+08
  300.00  2.02806  2.96721e+08  2.96598e+08  2.96596e+08 -8.65385e+06 -8.65383e+06 -1.95170e+05
  300.00  2.05210  1.37912e+11  1.37909e+11  1.37909e+11 -1.37768e+09 -1.37768e+09  1.03960e+09
  300.00  2.07615  3.51443e+10  3.51446e+10  3.51446e+10 -7.44426e+07 -7.44427e+07  1.64266e+08
  300.00  2.10020  5.58073e+11  5.57966e+11  5.57966e+11 -1.22928e+10 -1.22928e+10  5.74515e+09
  300.00  2.12425  1.86661e+12  1.86592e+12  1.86592e+12 -7.37249e+10 -7.37249e+10  5.37685e+10
  300.00  2.14830  6.26973e+11  6.26945e+11  6.26945e+11 -2.15357e+10 -2.15357e+10  2.07197e+10
  300.00  2.17234  2.19228e+11  2.19223e+11  2.19222e+11 -6.10215e+09 -6.10215e+09  5.89158e+09
  300.00  2.19639  3.03865e+12  3.03884e+12  3.03884e+12 -1.06478e+11 -1.06478e+11  1.11627e+11
  300.00  2.22044  6.36359e+12  6.36139e+12  6.36139e+12 -3.50652e+11 -3.50652e+11  3.09420e+11
  300.00  2.24449  4.25209e+12  4.24842e+12  4.24842e+12 -2.30844e+11 -2.30844e+11  1.51186e+11
  300.00  2.26854  1.54430e+11  1.54421e+11  1.54421e+11 -1.67574e+09 -1.67573e+09 -1.92794e+08
  300.00  2.29259  1.25387e+12  1.25453e+12  1.25453e+12  2.50257e+10  2.50258e+10 -4.78947e+10
  300.00  2.31663  4.28696e+12  4.28792e+12  4.28792e+12  1.61301e+11  1.61301e+11 -1.85570e+11
  300.00  2.34068  6.30774e+12  6.30699e+12  6.30699e+12  2.13762e+11  2.13762e+11 -1.89849e+11
  300.00  2.36473  4.93926e+12  4.93919e+12  4.93919e+12  3.93329e+10  3.93330e+10 -2.90458e+10
  300.00  2.38878  1.92216e+12  1.92208e+12  1.92208e+12 -2.73589e+10 -2.73589e+10  2.09579e+10
  300.00  2.41283  4.24976e+11  4.24986e+11  4.24986e+11 -5.42780e+09 -5.42780e+09  6.16161e+09
  300.00  2.43687  2.48148e+11  2.48155e+11  2.48155e+11 -1.29621e+09 -1.29621e+09  2.28192e+09
  300.00  2.46092  9.07156e+10  9.07156e+10  9.07156e+10  1.04978e+07  1.04972e+07 -5.57067e+07
  300.00  2.48497  6.06974e+11  6.06917e+11  6.06917e+11  9.84505e+09  9.84504e+09 -5.24141e+09
  300.00  2.50902  5.37280e+12  5.37257e+12  5.37257e+12  1.41840e+11  1.41840e+11 -1.32629e+11
  300.00  2.53307  1.03798e+13  1.03806e+13  1.03806e+13  2.92580e+11  2.92580e+11 -3.20944e+11
  300.00  2.55711  9.46551e+12  9.46619e+12  9.46619e+12  2.14554e+11  2.14554e+11 -2.42962e+11
  300.00  2.58116  4.54717e+12  4.54731e+12  4.54731e+12  8.95353e+10  8.95353e+10 -9.65554e+10
  300.00  2.60521  4.60701e+11  4.60629e+11  4.60629e+11  1.35293e+10  1.35293e+10 -1.07803e+10
  300.00  2.62926  5.46337e+11  5.46760e+11  5.46760e+11  1.77787e+10  1.77787e+10 -2.80581e+10
  300.00  2.65331  1.68456e+12  1.68476e+12  1.68476e+12  7.89828e+10  7.89828e+10 -8.33816e+10
  300.00  2.67735  6.82966e+11  6.82525e+11  6.82525e+11  3.01655e+10  3.01655e+10 -1.71909e+10
  300.00  2.70140  3.19566e+10  3.19463e+10  3.19463e+10  8.66535e+08  8.66535e+08  2.89586e+08
  300.00  2.72545  2.25170e+10  2.24870e+10  2.24870e+10 -1.21741e+09 -1.21741e+09 -3.95421e+08
  300.00  2.74950  5.56728e+11  5.56437e+11  5.56437e+11 -2.38198e+10 -2.38198e+10  1.58211e+10
  300.00  2.77355  1.81803e+12  1.81813e+12  1.81813e+12 -6.15552e+10 -6.15552e+10  6.43328e+10
  300.00  2.79760  1.05359e+12  1.05377e+12  1.05377e+12 -1.83612e+10 -1.83612e+10  2.65875e+10
  300.00  2.82164  3.54407e+10  3.54380e+10  3.54381e+10 -4.47177e+08 -4.47178e+08 -8.70867e+07
  300.00  2.84569  1.68199e+12  1.68183e+12  1.68183e+12  2.94370e+10  2.94370e+10 -1.79556e+10
  300.00  2.86974  2.15582e+12  2.15468e+12  2.15468e+12  1.01104e+11  1.01104e+11 -7.20083e+10
  300.00  2.89379  5.07025e+11  5.06950e+11  5.06949e+11  3.01686e+10  3.01686e+10 -2.88393e+10
  300.00  2.91784  1.86985e+11  1.86655e+11  1.86655e+11  1.26871e+10  1.26871e+10 -5.83577e+09
  300.00  2.94188  2.57042e+12  2.56986e+12  2.56986e+12  8.92510e+10  8.92510e+10 -7.09623e+10
  300.00  2.96593  5.23218e+12  5.23204e+12  5.23204e+12  7.81388e+10  7.81388e+10 -6.80295e+10
  300.00  2.98998  3.27743e+12  3.27743e+12  3.27743e+12  1.46952e+10  1.46952e+10 -1.30901e+10
  300.00  3.01403  1.40707e+11  1.40707e+11  1.40707e+11  4.29051e+07  4.29044e+07 -2.74032e+07
  300.00  3.03808  5.02666e+11  5.02669e+11  5.02669e+11 -2.67143e+09 -2.67143e+09  3.16375e+09
  300.00  3.06212  6.52544e+11  6.52529e+11  6.52529e+11 -6.32632e+09 -6.32632e+09  4.59033e+09
  300.00  3.08617  1.72005e+11  1.71981e+11  1.71981e+11  2.93486e+09  2.93486e+09 -4.34285e+08
  300.00  3.11022  7.99285e+10  7.99933e+10  7.99934e+10  1.34267e+09  1.34267e+09 -3.50740e+09
  300.00  3.13427  1.05553e+12  1.05535e+12  1.05535e+12  2.91316e+10  2.91317e+10 -2.18301e+10
  300.00  3.15832  1.01534e+12  1.01531e+12  1.01531e+12  1.11704e+10  1.11704e+10 -7.79369e+09
  300.00  3.18236  4.24199e+10  4.24184e+10  4.24183e+10  3.74860e+08  3.74861e+08 -3.10543e+07
  300.00  3.20641  3.00875e+11  3.00885e+11  3.00885e+11 -2.70294e+08 -2.70293e+08  2.45132e+09
  300.00  3.23046  2.97348e+11  2.98675e+11  2.98675e+11  1.53612e+09  1.53613e+09  2.80257e+10
  300.00  3.25451  8.00803e+09  7.90728e+09  7.90728e+09 -1.22924e+09 -1.22924e+09  1.22391e+08
  300.00  3.27856  2.24144e+11  2.26076e+11  2.26076e+11  4.84914e+09  4.84914e+09  2.97582e+10
  300.00  3.30261  1.15288e+10  1.15303e+10  1.15303e+10  2.25740e+08  2.25740e+08  2.91453e+08
  300.00  3.32665  2.17840e+11  2.17249e+11  2.17249e+11  1.63684e+10  1.63684e+10  2.01749e+09
  300.00  3.35070  4.87764e+11  4.86175e+11  4.86175e+11  4.09120e+10  4.09120e+10 -8.71797e+09
  300.00  3.37475  4.63403e+11  4.59513e+11  4.59513e+11  6.19437e+10  6.19437e+10 -8.59395e+09
  300.00  3.39880  9.20891e+11  9.19094e+11  9.19094e+11  1.08471e+11  1.08471e+11 -9.09667e+10
  300.00  3.42285  2.56358e+12  2.58777e+12  2.58777e+12  1.66279e+11  1.66279e+11 -3.97388e+11
  300.00  3.44689  2.49461e+12  2.50770e+12  2.50770e+12  7.62072e+10  7.62072e+10 -2.70218e+11
  300.00  3.47094  3.10497e+11  3.10711e+11  3.10711e+11  6.16944e+08  6.16943e+08 -1.15807e+10
  300.00  3.49499  2.43460e+11  2.43459e+11  2.43459e+11  2.58366e+09  2.58367e+09 -2.45870e+09
  300.00  3.51904  1.04462e+12  1.04474e+12  1.04474e+12  2.76718e+10  2.76718e+10 -3.21294e+10
  300.00  3.54309  9.63987e+11  9.63668e+11  9.63668e+11  3.26465e+10  3.26465e+10 -2.09929e+10
  300.00  3.56713  2.93709e+11  2.93705e+11  2.93705e+11  1.39845e+09  1.39845e+09 -1.60187e+08
  300.00  3.59118  5.64345e+09  5.60066e+09  5.60065e+09 -8.76634e+08 -8.76634e+08 -5.61669e+08
  300.00  3.61523  1.27227e+11  1.27528e+11  1.27528e+11 -2.41795e+09 -2.41794e+09  9.01868e+09
  300.00  3.63928  3.96382e+11  3.96570e+11  3.96570e+11 -2.05615e+10 -2.05615e+10  2.38307e+10
  300.00  3.66333  5.85121e+10  5.83311e+10  5.83311e+10 -4.97632e+09 -4.97632e+09  2.10006e+09
  300.00  3.68737  1.56477e+11  1.56939e+11  1.56939e+11 -1.98501e+09 -1.98501e+09  1.21086e+10
  300.00  3.71142  1.27645e+12  1.27660e+12  1.27660e+12 -1.41834e+10 -1.41834e+10  2.41361e+10
  300.00  3.73547  2.58841e+12  2.58841e+12  2.58841e+12  6.57397e+09  6.57398e+09 -6.24877e+09
  300.00  3.75952  1.11509e+12  1.11493e+12  1.11493e+12 -2.08094e+10 -2.08093e+10  8.95698e+09
  300.00  3.78357  1.74848e+10  1.76927e+10  1.76927e+10  1.69611e+09  1.69611e+09  3.20006e+09
  300.00  3.80762  1.28483e+12  1.28427e+12  1.28427e+12 -9.11196e+10 -9.11195e+10  8.31555e+10
  300.00  3.83166  2.41310e+12  2.40752e+12  2.40752e+12 -1.83126e+11 -1.83126e+11  8.67081e+10
  300.00  3.85571  2.05233e+12  2.05222e+12  2.05222e+12 -2.28090e+10 -2.28091e+10  6.83890e+09
  300.00  3.87976  3.36537e+11  3.35554e+11  3.35554e+11  2.60614e+10  2.60613e+10 -4.88684e+08
  300.00  3.90381  1.44657e+12  1.44877e+12  1.44877e+12  5.67318e+10  5.67318e+10 -9.86688e+10
  300.00  3.92786  5.52425e+12  5.52874e+12  5.52874e+12  2.48785e+11  2.48785e+11 -3.35871e+11
  300.00  3.95190  2.95140e+12  2.95400e+12  2.95400e+12  1.44707e+11  1.44707e+11 -1.91577e+11
  300.00  3.97595  1.31682e+09  1.34357e+09  1.34359e+09 -1.31374e+08 -1.31374e+08 -2.95124e+08
  300.00  4.00000  2.99461e+12  2.99848e+12  2.99848e+12  1.07613e+11  1.07613e+11 -1.87720e+11
