  300.00 -8.00000  6.04198e-05  6.04198e-05  6.04198e-05 -4.57868e-07 -4.57867e-07 -4.57867e-07
  300.00 -7.97595  5.39681e-05  5.39681e-05  5.39681e-05 -2.63968e-07 -2.63968e-07 -2.63968e-07
  300.00 -7.95190  2.14828e-05  2.14828e-05  2.14828e-05  3.67480e-08  3.67472e-08  3.67472e-08
  300.00 -7.92786 -2.75444e-05 -2.75444e-05 -2.75444e-05  1.90277e-08  1.90273e-08  1.90275e-08
  300.00 -7.90381 -3.87791e-05 -3.87791e-05 -3.87791e-05 -2.57772e-08 -2.57765e-08 -2.57768e-08
  300.00 -7.87976 -1.72391e-05 -1.72391e-05 -1.72391e-05  6.91898e-08  6.91895e-08  6.91894e-08
  300.00 -7.85571  1.02366e-05  1.02366e-05  1.02366e-05  6.52224e-08  6.52213e-08  6.52216e-08
  300.00 -7.83166  1.81351e-05  1.81351e-05  1.81351e-05 -1.83330e-07 -1.83329e-07 -1.83329e-07
  300.00 -7.80762 -8.05998e-06 -8.05999e-06 -8.05998e-06 -6.72529e-08 -6.72512e-08 -6.72514e-08
  300.00 -7.78357 -3.99961e-05 -3.99961e-05 -3.99961e-05  5.16123e-07  5.16124e-07  5.16124e-07
  300.00 -7.75952 -6.39113e-05 -6.39113e-05 -6.39113e-05  2.27589e-07  2.27589e-07  2.27589e-07
  300.00 -7.73547 -6.79451e-05 -6.79451e-05 -6.79451e-05 -2.28308e-07 -2.28309e-07 -2.28309e-07
  300.00 -7.71142 -4.80056e-05 -4.80056e-05 -4.80056e-05 -8.81441e-08 -8.81444e-08 -8.81444e-08
  300.00 -7.68737 -1.74706e-05 -1.74706e-05 -1.74706e-05  5.02048e-08  5.02050e-08  5.02051e-08
  300.00 -7.66333  1.22711e-05  1.22711e-05  1.22711e-05  9.32153e-09  9.32165e-09  9.32169e-09
  300.00 -7.63928  2.46410e-05  2.46410e-05  2.46410e-05 -2.93755e-08 -2.93757e-08 -2.93758e-08
  300.00 -7.61523  1.68805e-05  1.68805e-05  1.68805e-05 -8.00976e-10 -8.00996e-10 -8.01013e-10
  300.00 -7.59118  1.67723e-05  1.67723e-05  1.67723e-05  1.42467e-08  1.42467e-08  1.42465e-08
  300.00 -7.56713  3.89037e-05  3.89038e-05  3.89037e-05  1.37556e-07  1.37556e-07  1.37555e-07
  300.00 -7.54309  6.49222e-05  6.49222e-05  6.49222e-05  5.56904e-08  5.56905e-08  5.56909e-08
  300.00 -7.51904  6.11939e-05  6.11939e-05  6.11939e-05 -4.63156e-07 -4.63155e-07 -4.63154e-07
  300.00 -7.49499  5.97882e-06  5.97885e-06  5.97883e-06 -2.35416e-07 -2.35417e-07 -2.35417e-07
  300.00 -7.47094 -4.12243e-05 -4.12243e-05 -4.12243e-05  1.75066e-07  1.75065e-07  1.75065e-07
  300.00 -7.44689 -4.25655e-05 -4.25655e-05 -4.25655e-05 -5.34931e-08 -5.34928e-08 -5.34928e-08
  300.00 -7.42285 -2.35138e-05 -2.35138e-05 -2.35138e-05 -1.45813e-08 -1.45811e-08 -1.45814e-08
  300.00 -7.39880 -1.82096e-06 -1.82097e-06 -1.82095e-06  8.18886e-08  8.18885e-08  8.18884e-08
  300.00 -7.37475  1.30117e-05  1.30116e-05  1.30117e-05 -2.63724e-08 -2.63724e-08 -2.63723e-08
  300.00 -7.35070  6.88232e-06  6.88232e-06  6.88232e-06 -8.70665e-08 -8.70665e-08 -8.70663e-08
  300.00 -7.32665 -2.20637e-05 -2.20637e-05 -2.20637e-05  1.87173e-09  1.87153e-09  1.87180e-09
  300.00 -7.30261 -4.85188e-05 -4.85188e-05 -4.85188e-05  1.59999e-07  1.59999e-07  1.59999e-07
  300.00 -7.27856 -5.81397e-05 -5.81397e-05 -5.81397e-05  1.20071e-07  1.20071e-07  1.20071e-07
  300.00 -7.25451 -5.02093e-05 -5.02093e-05 -5.02093e-05 -5.58219e-08 -5.58219e-08 -5.58217e-08
  300.00 -7.23046 -2.47237e-05 -2.47237e-05 -2.47237e-05 -6.02044e-08 -6.02047e-08 -6.02044e-08
  300.00 -7.20641  6.25336e-06  6.25336e-06  6.25335e-06  2.08437e-09  2.08433e-09  2.08440e-09
  300.00 -7.18236  2.62165e-05  2.62165e-05  2.62165e-05  7.66858e-09  7.66866e-09  7.66858e-09
  300.00 -7.15832  2.79274e-05  2.79274e-05  2.79274e-05 -4.25015e-09 -4.25018e-09 -4.25014e-09
  300.00 -7.13427  1.94905e-05  1.94905e-05  1.94905e-05 -2.21406e-09 -2.21409e-09 -2.21409e-09
  300.00 -7.11022  8.41808e-06  8.41808e-06  8.41810e-06  6.60200e-10  6.60214e-10  6.60203e-10
  300.00 -7.08617  4.06845e-06  4.06846e-06  4.06848e-06 -5.49197e-10 -5.49208e-10 -5.49199e-10
  300.00 -7.06212 -2.36541e-06 -2.36540e-06 -2.36540e-06  1.30493e-09  1.30495e-09  1.30491e-09
  300.00 -7.03808 -2.05432e-05 -2.05432e-05 -2.05432e-05  2.41553e-09  2.41557e-09  2.41557e-09
  300.00 -7.01403 -2.95569e-05 -2.95569e-05 -2.95569e-05 -1.00997e-09 -1.00994e-09 -1.00991e-09
  300.00 -6.98998 -1.22486e-05 -1.22486e-05 -1.22486e-05 -2.37316e-09 -2.37323e-09 -2.37323e-09
  300.00 -6.96593  1.92554e-05  1.92554e-05  1.92554e-05  2.21685e-09  2.21683e-09  2.21683e-09
  300.00 -6.94188  3.47381e-05  3.47381e-05  3.47381e-05  9.90543e-10  9.90588e-10  9.90619e-10
  300.00 -6.91784  7.17126e-06  7.17125e-06  7.17125e-06 -1.68644e-09 -1.68646e-09 -1.68647e-09
  300.00 -6.89379 -2.62114e-05 -2.62114e-05 -2.62114e-05  7.11097e-11  7.10986e-11  7.10971e-11
  300.00 -6.86974 -2.37551e-05 -2.37551e-05 -2.37551e-05  2.95032e-09  2.95028e-09  2.95026e-09
  300.00 -6.84569 -4.58257e-06 -4.58256e-06 -4.58256e-06  6.41488e-09  6.41495e-09  6.41486e-09
  300.00 -6.82164  9.18402e-06  9.18403e-06  9.18402e-06  6.52528e-10  6.52613e-10  6.52596e-10
  300.00 -6.79760  1.17927e-06  1.17927e-06  1.17927e-06  4.15584e-10  4.15617e-10  4.15637e-10
  300.00 -6.77355 -3.29339e-05 -3.29339e-05 -3.29339e-05 -2.19510e-10 -2.19495e-10 -2.19498e-10
  300.00 -6.74950 -5.63075e-05 -5.63075e-05 -5.63075e-05 -4.18502e-09 -4.18505e-09 -4.18505e-09
  300.00 -6.72545 -4.69596e-05 -4.69596e-05 -4.69596e-05 -6.85214e-09 -6.85221e-09 -6.85215e-09
  300.00 -6.70140 -2.05754e-05 -2.05754e-05 -2.05754e-05  5.19207e-09  5.19208e-09  5.19208e-09
  300.00 -6.67735  1.16244e-05  1.16243e-05  1.16244e-05  9.29536e-09  9.29541e-09  9.29534e-09
  300.00 -6.65331  4.17730e-05  4.17730e-05  4.17730e-05 -9.06408e-09 -9.06410e-09 -9.06405e-09
  300.00 -6.62926  5.60220e-05  5.60220e-05  5.60220e-05 -9.81833e-09 -9.81837e-09 -9.81833e-09
  300.00 -6.60521  4.00453e-05  4.00453e-05  4.00453e-05  1.61808e-09  1.61805e-09  1.61805e-09
  300.00 -6.58116  8.48962e-06  8.48962e-06  8.48962e-06 -1.54087e-09 -1.54085e-09 -1.54084e-09
  300.00 -6.55711 -1.73307e-05 -1.73307e-05 -1.73307e-05  6.89290e-09  6.89296e-09  6.89290e-09
  300.00 -6.53307 -3.78621e-05 -3.78621e-05 -3.78621e-05  9.04357e-09  9.04354e-09  9.04350e-09
  300.00 -6.50902 -4.26621e-05 -4.26621e-05 -4.26621e-05 -5.59833e-09 -5.59839e-09 -5.59832e-09
  300.00 -6.48497 -3.05970e-05 -3.05970e-05 -3.05970e-05 -3.30594e-09 -3.30593e-09 -3.30592e-09
  300.00 -6.46092 -1.62307e-05 -1.62307e-05 -1.62307e-05 -1.73761e-10 -1.73747e-10 -1.73760e-10
  300.00 -6.43687 -5.65815e-06 -5.65815e-06 -5.65815e-06 -3.56705e-10 -3.56700e-10 -3.56712e-10
  300.00 -6.41283  2.95327e-06  2.95327e-06  2.95327e-06  2.29817e-09  2.29813e-09  2.29814e-09
  300.00 -6.38878  1.35041e-05  1.35041e-05  1.35041e-05  6.59705e-09  6.59707e-09  6.59707e-09
  300.00 -6.36473  2.50558e-05  2.50558e-05  2.50558e-05 -4.75494e-09 -4.75491e-09 -4.75491e-09
  300.00 -6.34068  2.48339e-05  2.48339e-05  2.48339e-05 -4.46870e-09 -4.46871e-09 -4.46870e-09
  300.00 -6.31663  4.13544e-06  4.13544e-06  4.13544e-06 -8.17349e-10 -8.17352e-10 -8.17353e-10
  300.00 -6.29259 -1.31857e-05 -1.31857e-05 -1.31857e-05  5.29640e-12  5.29459e-12  5.29717e-12
  300.00 -6.26854 -1.12114e-05 -1.12114e-05 -1.12114e-05  3.00698e-11  3.00727e-11  3.00837e-11
  300.00 -6.24449 -3.16793e-06 -3.16793e-06 -3.16793e-06 -1.10591e-10 -1.10588e-10 -1.10579e-10
  300.00 -6.22044 -8.07929e-07 -8.07933e-07 -8.07928e-07 -6.74979e-10 -6.74991e-10 -6.75003e-10
  300.00 -6.19639 -3.14016e-06 -3.14016e-06 -3.14015e-06 -8.45460e-10 -8.45462e-10 -8.45478e-10
  300.00 -6.17234 -8.55999e-06 -8.55999e-06 -8.55999e-06  8.67092e-11  8.67287e-11  8.67341e-11
  300.00 -6.14830 -1.92686e-05 -1.92686e-05 -1.92686e-05  2.35853e-09  2.35853e-09  2.35855e-09
  300.00 -6.12425 -3.12674e-05 -3.12674e-05 -3.12674e-05  1.39343e-09  1.39341e-09  1.39342e-09
  300.00 -6.10020 -2.56092e-05 -2.56092e-05 -2.56092e-05 -2.82822e-09 -2.82822e-09 -2.82823e-09
  300.00 -6.07615 -2.76794e-06 -2.76794e-06 -2.76794e-06  5.66813e-10  5.66825e-10  5.66822e-10
  300.00 -6.05210  1.44115e-05  1.44115e-05  1.44115e-05  1.41138e-10  1.41139e-10  1.41137e-10
  300.00 -6.02806  1.30321e-05  1.30321e-05  1.30321e-05 -8.86317e-10 -8.86329e-10 -8.86327e-10
  300.00 -6.00401  1.01109e-05  1.01109e-05  1.01109e-05  1.81831e-09  1.81831e-09  1.81833e-09
  300.00 -5.97996  1.57025e-05  1.57025e-05  1.57025e-05  4.24859e-10  4.24876e-10  4.24866e-10
  300.00 -5.95591  1.44194e-05  1.44194e-05  1.44194e-05 -1.49565e-09 -1.49564e-09 -1.49566e-09
  300.00 -5.93186  1.11413e-06  1.11412e-06  1.11412e-06 -4.21313e-10 -4.21320e-10 -4.21320e-10
  300.00 -5.90782 -6.77693e-06 -6.77693e-06 -6.77692e-06 -2.29952e-10 -2.29960e-10 -2.29955e-10
  300.00 -5.88377 -2.24654e-06 -2.24654e-06 -2.24653e-06 -7.57051e-11 -7.57164e-11 -7.57098e-11
  300.00 -5.85972  4.91901e-06  4.91901e-06  4.91901e-06  3.39993e-10  3.39990e-10  3.39991e-10
  300.00 -5.83567  9.88938e-06  9.88938e-06  9.88938e-06  1.95479e-10  1.95487e-10  1.95492e-10
  300.00 -5.81162  5.28690e-06  5.28690e-06  5.28690e-06 -3.51480e-10 -3.51476e-10 -3.51478e-10
  300.00 -5.78758 -1.46728e-05 -1.46728e-05 -1.46728e-05 -3.45965e-10 -3.45970e-10 -3.45978e-10
  300.00 -5.76353 -2.98392e-05 -2.98392e-05 -2.98392e-05  3.33865e-10  3.33868e-10  3.33862e-10
  300.00 -5.73948 -2.54885e-05 -2.54885e-05 -2.54885e-05 -1.07698e-10 -1.07697e-10 -1.07693e-10
  300.00 -5.71543 -8.78627e-06 -8.78627e-06 -8.78627e-06 -4.27471e-11 -4.27489e-11 -4.27470e-11
  300.00 -5.69138  9.94314e-06  9.94314e-06  9.94314e-06  1.81799e-11  1.81814e-11  1.81778e-11
  300.00 -5.66733  2.11695e-05  2.11695e-05  2.11695e-05  6.25619e-11  6.25616e-11  6.25554e-11
  300.00 -5.64329  2.15748e-05  2.15748e-05  2.15748e-05 -2.08903e-10 -2.08905e-10 -2.08892e-10
  300.00 -5.61924  1.62996e-05  1.62996e-05  1.62996e-05  2.86553e-10  2.86562e-10  2.86574e-10
  300.00 -5.59519  1.27196e-05  1.27196e-05  1.27196e-05  1.44246e-09  1.44245e-09  1.44242e-09
  300.00 -5.57114  6.57628e-06  6.57628e-06  6.57629e-06 -5.89313e-10 -5.89318e-10 -5.89341e-10
  300.00 -5.54709 -6.35320e-06 -6.35319e-06 -6.35320e-06 -1.45736e-09 -1.45735e-09 -1.45733e-09
  300.00 -5.52305 -9.80374e-06 -9.80373e-06 -9.80374e-06  2.95707e-10  2.95708e-10  2.95731e-10
  300.00 -5.49900  4.32528e-07  4.32529e-07  4.32518e-07  1.34520e-10  1.34519e-10  1.34517e-10
  300.00 -5.47495  1.05455e-05  1.05455e-05  1.05455e-05 -1.05118e-10 -1.05119e-10 -1.05124e-10
  300.00 -5.45090  1.23190e-05  1.23190e-05  1.23190e-05  1.75008e-11  1.74997e-11  1.75006e-11
  300.00 -5.42685  6.97371e-06  6.97371e-06  6.97372e-06  3.10991e-10  3.10983e-10  3.10988e-10
  300.00 -5.40281 -3.53594e-06 -3.53594e-06 -3.53594e-06  2.90168e-11  2.90078e-11  2.90108e-11
  300.00 -5.37876 -9.21050e-06 -9.21049e-06 -9.21049e-06 -2.84350e-10 -2.84346e-10 -2.84356e-10
  300.00 -5.35471 -5.65563e-06 -5.65563e-06 -5.65563e-06 -1.02855e-10 -1.02846e-10 -1.02850e-10
  300.00 -5.33066  6.15310e-06  6.15310e-06  6.15310e-06 -3.80915e-12 -3.80529e-12 -3.80412e-12
  300.00 -5.30661  2.02559e-05  2.02559e-05  2.02559e-05 -1.21820e-11 -1.21861e-11 -1.21863e-11
  300.00 -5.28257  2.52336e-05  2.52336e-05  2.52336e-05  1.59608e-10  1.59627e-10  1.59621e-10
  300.00 -5.25852  1.57140e-05  1.57140e-05  1.57139e-05  8.73728e-10  8.73731e-10  8.73734e-10
  300.00 -5.23447 -3.49103e-06 -3.49103e-06 -3.49103e-06 -1.85143e-09 -1.85146e-09 -1.85146e-09
  300.00 -5.21042 -2.75285e-05 -2.75285e-05 -2.75285e-05  8.85726e-10  8.85729e-10  8.85748e-10
  300.00 -5.18637 -3.83609e-05 -3.83609e-05 -3.83609e-05  1.56881e-09  1.56881e-09  1.56881e-09
  300.00 -5.16232 -2.48982e-05 -2.48982e-05 -2.48982e-05 -5.71727e-11 -5.71704e-11 -5.71864e-11
  300.00 -5.13828 -2.52768e-06 -2.52768e-06 -2.52767e-06 -5.39633e-10 -5.39632e-10 -5.39634e-10
  300.00 -5.11423  1.88830e-05  1.88830e-05  1.88830e-05 -4.45682e-10 -4.45687e-10 -4.45679e-10
  300.00 -5.09018  3.08684e-05  3.08684e-05  3.08684e-05 -1.08946e-11 -1.08945e-11 -1.08941e-11
  300.00 -5.06613  1.44627e-05  1.44627e-05  1.44627e-05  4.75255e-10  4.75235e-10  4.75250e-10
  300.00 -5.04208 -1.49908e-05 -1.49908e-05 -1.49908e-05  1.85442e-09  1.85441e-09  1.85442e-09
  300.00 -5.01804 -2.21785e-05 -2.21785e-05 -2.21785e-05  4.85618e-10  4.85641e-10  4.85606e-10
  300.00 -4.99399 -1.39050e-05 -1.39051e-05 -1.39051e-05 -5.73634e-10 -5.73628e-10 -5.73636e-10
  300.00 -4.96994 -3.83528e-06 -3.83529e-06 -3.83529e-06 -5.40515e-11 -5.40569e-11 -5.40492e-11
  300.00 -4.94589  8.10807e-07  8.10770e-07  8.10779e-07  3.89072e-10  3.89066e-10  3.89076e-10
  300.00 -4.92184 -1.15984e-06 -1.15993e-06 -1.15990e-06  6.62891e-10  6.62895e-10  6.62895e-10
  300.00 -4.89780  4.77692e-06  4.77669e-06  4.77677e-06  6.84678e-10  6.84705e-10  6.84687e-10
  300.00 -4.87375  1.58123e-05  1.58117e-05  1.58119e-05 -1.54615e-09 -1.54613e-09 -1.54613e-09
  300.00 -4.84970  1.08825e-05  1.08810e-05  1.08815e-05 -1.96082e-09 -1.96086e-09 -1.96083e-09
  300.00 -4.82565 -6.96980e-06 -6.97310e-06 -6.97199e-06  5.97719e-11  5.97718e-11  5.97689e-11
  300.00 -4.80160 -7.76854e-06 -7.77554e-06 -7.77317e-06  5.63263e-10  5.63255e-10  5.63266e-10
  300.00 -4.77756  1.13193e-05  1.13032e-05  1.13087e-05  3.78694e-09  3.78697e-09  3.78690e-09
  300.00 -4.75351  2.88046e-05  2.87635e-05  2.87774e-05  6.47355e-10  6.47383e-10  6.47342e-10
  300.00 -4.72946  2.47630e-05  2.46575e-05  2.46931e-05 -6.28342e-09 -6.28382e-09 -6.28266e-09
  300.00 -4.70541 -1.05983e-05 -1.08239e-05 -1.07478e-05 -4.44718e-09 -4.44796e-09 -4.44575e-09
  300.00 -4.68136 -4.56643e-05 -4.60351e-05 -4.59099e-05  2.01074e-09  2.01148e-09  2.00924e-09
  300.00 -4.65731 -4.96147e-05 -5.01595e-05 -4.99757e-05  1.04192e-09  1.04271e-09  1.04045e-09
  300.00 -4.63327 -3.25105e-05 -3.32969e-05 -3.30320e-05 -1.12153e-09 -1.12314e-09 -1.11839e-09
  300.00 -4.60922 -1.24968e-05 -1.35008e-05 -1.31634e-05  9.55196e-11  9.57694e-11  9.49990e-11
  300.00 -4.58517 -1.63699e-06 -2.34945e-06 -2.11084e-06  1.20196e-10  1.20710e-10  1.19182e-10
  300.00 -4.56112  3.66159e-06  3.92491e-06  3.83680e-06 -1.19644e-10 -1.20212e-10 -1.18522e-10
  300.00 -4.53707  9.69240e-06  1.06687e-05  1.03413e-05 -5.85222e-11 -5.87244e-11 -5.81164e-11
  300.00 -4.51303  1.27137e-05  1.37230e-05  1.33834e-05  4.11815e-10  4.12653e-10  4.10197e-10
  300.00 -4.48898  1.06620e-05  1.13695e-05  1.11310e-05  4.22010e-10  4.22411e-10  4.21242e-10
  300.00 -4.46493  9.99664e-06  1.03994e-05  1.02635e-05 -8.90981e-10 -8.91366e-10 -8.90280e-10
  300.00 -4.44088  7.99133e-06  8.20217e-06  8.13098e-06  3.16280e-12  3.16427e-12  3.15448e-12
  300.00 -4.41683  1.09325e-06  1.19650e-06  1.16163e-06  1.52375e-10  1.52389e-10  1.52355e-10
  300.00 -4.39279 -2.42487e-06 -2.37748e-06 -2.39349e-06 -4.70513e-11 -4.70533e-11 -4.70492e-11
  300.00 -4.36874 -8.17799e-06 -8.15655e-06 -8.16379e-06  2.67444e-11  2.67450e-11  2.67420e-11
  300.00 -4.34469 -2.15617e-05 -2.15524e-05 -2.15555e-05  2.18603e-10  2.18602e-10  2.18598e-10
  300.00 -4.32064 -3.33679e-05 -3.33641e-05 -3.33654e-05  6.57144e-11  6.57160e-11  6.57143e-11
  300.00 -4.29659 -3.73873e-05 -3.73859e-05 -3.73863e-05 -1.42575e-10 -1.42573e-10 -1.42573e-10
  300.00 -4.27255 -3.22817e-05 -3.22811e-05 -3.22813e-05 -1.03922e-10 -1.03923e-10 -1.03920e-10
  300.00 -4.24850 -1.85840e-05 -1.85838e-05 -1.85839e-05 -1.45058e-11 -1.45079e-11 -1.45054e-11
  300.00 -4.22445 -1.44491e-06 -1.44484e-06 -1.44487e-06  2.05671e-10  2.05665e-10  2.05668e-10
  300.00 -4.20040  1.08128e-05  1.08128e-05  1.08128e-05  4.89376e-10  4.89369e-10  4.89371e-10
  300.00 -4.17635  1.54981e-05  1.54981e-05  1.54981e-05  7.74154e-10  7.74162e-10  7.74154e-10
  300.00 -4.15230  1.97322e-05  1.97322e-05  1.97322e-05  5.54062e-10  5.54093e-10  5.54082e-10
  300.00 -4.12826  2.54282e-05  2.54282e-05  2.54282e-05 -9.83885e-10 -9.83882e-10 -9.83874e-10
  300.00 -4.10421  2.27199e-05  2.27199e-05  2.27199e-05 -2.92411e-09 -2.92415e-09 -2.92414e-09
  300.00 -4.08016  9.98758e-06  9.98758e-06  9.98757e-06  6.95900e-10  6.95910e-10  6.95898e-10
  300.00 -4.05611 -9.57645e-06 -9.57645e-06 -9.57646e-06  3.88025e-09  3.88029e-09  3.88024e-09
  300.00 -4.03206 -2.98531e-05 -2.98531e-05 -2.98531e-05 -1.09298e-09 -1.09300e-09 -1.09302e-09
  300.00 -4.00802 -3.22214e-05 -3.22214e-05 -3.22214e-05 -1.27740e-09 -1.27742e-09 -1.27740e-09
  300.00 -3.98397 -1.60561e-05 -1.60561e-05 -1.60561e-05 -4.47042e-11 -4.47036e-11 -4.47015e-11
  300.00 -3.95992 -1.46258e-06 -1.46257e-06 -1.46256e-06  9.04664e-11  9.04492e-11  9.04402e-11
  300.00 -3.93587  1.90705e-06  1.90707e-06  1.90707e-06  2.15401e-10  2.15324e-10  2.15256e-10
  300.00 -3.91182  2.91916e-06  2.91922e-06  2.91921e-06  2.90162e-11  2.88463e-11  2.86935e-11
  300.00 -3.88778  1.63167e-06  1.63180e-06  1.63177e-06 -1.93437e-10 -1.93732e-10 -1.93980e-10
  300.00 -3.86373 -6.84229e-06 -6.84203e-06 -6.84210e-06 -7.74561e-10 -7.74557e-10 -7.74465e-10
  300.00 -3.83968 -1.49834e-05 -1.49830e-05 -1.49831e-05  7.66828e-10  7.68800e-10  7.70561e-10
  300.00 -3.81563 -1.51912e-05 -1.51908e-05 -1.51909e-05  2.58273e-09  2.58739e-09  2.58998e-09
  300.00 -3.79158 -4.19803e-06 -4.19771e-06 -4.19775e-06 -1.56586e-09 -1.56294e-09 -1.56378e-09
  300.00 -3.76754  1.17686e-05  1.17689e-05  1.17690e-05 -1.85960e-09 -1.86492e-09 -1.86793e-09
  300.00 -3.74349  1.83349e-05  1.83352e-05  1.83355e-05  1.69164e-09  1.67672e-09  1.67580e-09
  300.00 -3.71944  5.90815e-06  5.90845e-06  5.90856e-06  3.01986e-10  2.96271e-10  2.97191e-10
  300.00 -3.69539 -9.88587e-06 -9.88597e-06 -9.88615e-06 -8.90475e-10 -8.81254e-10 -8.81028e-10
  300.00 -3.67134 -1.48349e-05 -1.48350e-05 -1.48354e-05 -1.72614e-10 -1.66945e-10 -1.66933e-10
  300.00 -3.64729 -1.98922e-05 -1.98921e-05 -1.98926e-05  4.83619e-12  5.89000e-12  6.04451e-12
  300.00 -3.62325 -2.32735e-05 -2.32734e-05 -2.32738e-05  2.16339e-12  2.48093e-12  2.58018e-12
  300.00 -3.59920 -1.58907e-05 -1.58909e-05 -1.58909e-05 -7.16493e-11 -7.46023e-11 -7.52182e-11
  300.00 -3.57515  4.99108e-07  4.98716e-07  4.99069e-07  7.18134e-10  7.12869e-10  7.11187e-10
  300.00 -3.55110  1.56389e-05  1.56386e-05  1.56392e-05  8.45708e-10  8.48082e-10  8.46890e-10
  300.00 -3.52705  1.60849e-05  1.60848e-05  1.60854e-05 -1.07517e-09 -1.07068e-09 -1.07006e-09
  300.00 -3.50301  3.22844e-06  3.22826e-06  3.22870e-06 -3.61085e-10 -3.59364e-10 -3.58068e-10
  300.00 -3.47896 -2.54260e-06 -2.54296e-06 -2.54288e-06  1.89923e-10  1.90037e-10  1.89729e-10
  300.00 -3.45491  6.95026e-06  6.94989e-06  6.94974e-06  3.42769e-10  3.43353e-10  3.44184e-10
  300.00 -3.43086  1.49403e-05  1.49400e-05  1.49398e-05 -9.08140e-10 -9.07127e-10 -9.05351e-10
  300.00 -3.40681  6.37332e-06  6.37314e-06  6.37299e-06 -2.06970e-10 -2.06570e-10 -2.06037e-10
  300.00 -3.38277 -4.74537e-06 -4.74547e-06 -4.74555e-06  7.19302e-12  7.18618e-12  7.18509e-12
  300.00 -3.35872 -2.17868e-06 -2.17872e-06 -2.17876e-06 -4.08362e-11 -4.07380e-11 -4.06176e-11
  300.00 -3.33467  9.35083e-06  9.35081e-06  9.35079e-06 -5.06695e-10 -5.06607e-10 -5.06526e-10
  300.00 -3.31062  1.23906e-05  1.23906e-05  1.23906e-05  3.34712e-09  3.34712e-09  3.34709e-09
  300.00 -3.28657 -4.96999e-06 -4.97000e-06 -4.97000e-06  7.15554e-09  7.15547e-09  7.15540e-09
  300.00 -3.26253 -2.55877e-05 -2.55877e-05 -2.55877e-05 -2.68687e-09 -2.68690e-09 -2.68695e-09
  300.00 -3.23848 -2.09332e-05 -2.09332e-05 -2.09332e-05 -6.43472e-09 -6.43472e-09 -6.43473e-09
  300.00 -3.21443 -1.20708e-06 -1.20708e-06 -1.20707e-06  2.35384e-09  2.35381e-09  2.35384e-09
  300.00 -3.19038  1.13256e-05  1.13256e-05  1.13256e-05 -9.99796e-10 -9.99791e-10 -9.99804e-10
  300.00 -3.16633  1.09390e-05  1.09390e-05  1.09390e-05  4.29643e-10  4.29667e-10  4.29660e-10
  300.00 -3.14228  5.62457e-06  5.62457e-06  5.62457e-06 -5.38463e-10 -5.38482e-10 -5.38474e-10
  300.00 -3.11824  3.75189e-06  3.75189e-06  3.75189e-06  6.53373e-10  6.53367e-10  6.53360e-10
  300.00 -3.09419  3.98235e-06  3.98236e-06  3.98235e-06  1.27454e-09  1.27456e-09  1.27456e-09
  300.00 -3.07014 -3.69618e-06 -3.69617e-06 -3.69618e-06  1.22514e-09  1.22516e-09  1.22515e-09
  300.00 -3.04609 -2.04695e-05 -2.04695e-05 -2.04695e-05  2.75010e-09  2.75011e-09  2.75008e-09
  300.00 -3.02204 -3.10657e-05 -3.10657e-05 -3.10657e-05  3.12913e-09  3.12911e-09  3.12907e-09
  300.00 -2.99800 -2.49467e-05 -2.49467e-05 -2.49467e-05 -9.13303e-11 -9.13422e-11 -9.13401e-11
  300.00 -2.97395 -3.37452e-06 -3.37452e-06 -3.37452e-06 -2.97053e-09 -2.97051e-09 -2.97048e-09
  300.00 -2.94990  1.78408e-05  1.78408e-05  1.78408e-05 -2.98799e-09 -2.98799e-09 -2.98797e-09
  300.00 -2.92585  2.30918e-05  2.30918e-05  2.30918e-05  5.22918e-10  5.22906e-10  5.22882e-10
  300.00 -2.90180  1.16355e-05  1.16355e-05  1.16355e-05  3.56668e-09  3.56667e-09  3.56666e-09
  300.00 -2.87776 -3.38596e-06 -3.38597e-06 -3.38597e-06  7.15592e-09  7.15595e-09  7.15595e-09
  300.00 -2.85371 -1.07490e-05 -1.07490e-05 -1.07490e-05  1.09605e-09  1.09607e-09  1.09608e-09
  300.00 -2.82966 -6.79678e-06 -6.79679e-06 -6.79679e-06 -6.71097e-09 -6.71101e-09 -6.71099e-09
  300.00 -2.80561  3.29143e-06  3.29142e-06  3.29142e-06 -1.94830e-09 -1.94831e-09 -1.94831e-09
  300.00 -2.78156  1.50511e-05  1.50511e-05  1.50511e-05 -7.05671e-11 -7.05656e-11 -7.05668e-11
  300.00 -2.75752  2.22226e-05  2.22226e-05  2.22226e-05  5.95023e-10  5.95021e-10  5.95020e-10
  300.00 -2.73347  9.34195e-06  9.34195e-06  9.34196e-06 -7.76080e-10 -7.76061e-10 -7.76084e-10
  300.00 -2.70942 -2.37500e-05 -2.37500e-05 -2.37500e-05 -5.84016e-10 -5.84019e-10 -5.84005e-10
  300.00 -2.68537 -3.96262e-05 -3.96262e-05 -3.96262e-05 -1.78821e-10 -1.78820e-10 -1.78825e-10
  300.00 -2.66132 -2.48641e-05 -2.48641e-05 -2.48641e-05  1.13222e-09  1.13222e-09  1.13222e-09
  300.00 -2.63727 -1.93646e-07 -1.93643e-07 -1.93650e-07  1.28462e-09  1.28463e-09  1.28464e-09
  300.00 -2.61323  1.05185e-05  1.05185e-05  1.05185e-05 -1.98565e-09 -1.98565e-09 -1.98565e-09
  300.00 -2.58918  1.14703e-06  1.14703e-06  1.14703e-06 -6.44256e-10 -6.44265e-10 -6.44264e-10
  300.00 -2.56513 -1.03103e-05 -1.03103e-05 -1.03103e-05  6.77953e-11  6.77956e-11  6.77931e-11
  300.00 -2.54108 -5.14345e-06 -5.14345e-06 -5.14345e-06  3.57280e-11  3.57273e-11  3.57303e-11
  300.00 -2.51703  1.08657e-05  1.08657e-05  1.08657e-05  1.69712e-10  1.69711e-10  1.69709e-10
  300.00 -2.49299  2.28003e-05  2.28003e-05  2.28003e-05  5.64916e-10  5.64913e-10  5.64904e-10
  300.00 -2.46894  2.53670e-05  2.53670e-05  2.53670e-05  3.59059e-10  3.59048e-10  3.59054e-10
  300.00 -2.44489  1.85006e-05  1.85006e-05  1.85006e-05 -8.31072e-10 -8.31069e-10 -8.31059e-10
  300.00 -2.42084  5.19882e-06  5.19882e-06  5.19882e-06 -2.96864e-10 -2.96856e-10 -2.96857e-10
  300.00 -2.39679 -1.50267e-06 -1.50266e-06 -1.50266e-06  2.38381e-10  2.38389e-10  2.38386e-10
  300.00 -2.37275 -4.56639e-06 -4.56638e-06 -4.56638e-06  1.74327e-10  1.74344e-10  1.74334e-10
  300.00 -2.34870 -1.23107e-05 -1.23107e-05 -1.23107e-05 -6.08772e-10 -6.08772e-10 -6.08774e-10
  300.00 -2.32465 -1.58862e-05 -1.58862e-05 -1.58862e-05 -5.09655e-10 -5.09667e-10 -5.09659e-10
  300.00 -2.30060 -1.13521e-05 -1.13521e-05 -1.13521e-05  3.85900e-12  3.84376e-12  3.85437e-12
  300.00 -2.27655  1.40496e-06  1.40495e-06  1.40495e-06  1.71158e-09  1.71160e-09  1.71158e-09
  300.00 -2.25251  8.02809e-06  8.02809e-06  8.02809e-06  1.04541e-09  1.04544e-09  1.04542e-09
  300.00 -2.22846 -5.19813e-06 -5.19813e-06 -5.19813e-06 -2.07168e-09 -2.07170e-09 -2.07167e-09
  300.00 -2.20441 -1.63052e-05 -1.63052e-05 -1.63052e-05 -7.36283e-10 -7.36297e-10 -7.36284e-10
  300.00 -2.18036 -8.45663e-06 -8.45663e-06 -8.45663e-06  5.80646e-11  5.80668e-11  5.80646e-11
  300.00 -2.15631  2.93643e-06  2.93643e-06  2.93643e-06  4.03061e-10  4.03058e-10  4.03061e-10
  300.00 -2.13226  2.64124e-06  2.64123e-06  2.64123e-06  2.76248e-09  2.76247e-09  2.76249e-09
  300.00 -2.10822 -8.05982e-07 -8.05986e-07 -8.05989e-07  1.11319e-09  1.11320e-09  1.11322e-09
  300.00 -2.08417 -1.49647e-06 -1.49648e-06 -1.49648e-06  1.16964e-09  1.16967e-09  1.16970e-09
  300.00 -2.06012 -8.85197e-06 -8.85198e-06 -8.85200e-06  7.42076e-10  7.42134e-10  7.42201e-10
  300.00 -2.03607 -1.35671e-05 -1.35672e-05 -1.35672e-05 -4.33354e-09 -4.33347e-09 -4.33336e-09
  300.00 -2.01202 -3.89959e-06 -3.89968e-06 -3.89978e-06 -1.23227e-09 -1.23226e-09 -1.23223e-09
  300.00 -1.98798  1.01558e-05  1.01556e-05  1.01553e-05  3.07168e-10  3.07024e-10  3.06783e-10
  300.00 -1.96393  1.91640e-05  1.91635e-05  1.91629e-05 -2.04995e-10 -2.04926e-10 -2.04820e-10
  300.00 -1.93988  2.07361e-05  2.07349e-05  2.07334e-05  3.17008e-09  3.17228e-09  3.17601e-09
  300.00 -1.91583  2.02309e-05  2.02280e-05  2.02244e-05  2.76996e-09  2.77908e-09  2.79461e-09
  300.00 -1.89178  2.26845e-05  2.26776e-05  2.26692e-05 -7.34289e-09 -7.32844e-09 -7.30391e-09
  300.00 -1.86774  1.78213e-05  1.78052e-05  1.77857e-05 -1.38967e-09 -1.40566e-09 -1.43226e-09
  300.00 -1.84369 -2.54112e-06 -2.57343e-06 -2.61277e-06  3.37668e-09  3.29818e-09  3.16735e-09
  300.00 -1.81964 -2.05868e-05 -2.06391e-05 -2.07035e-05  3.25335e-09  3.09814e-09  2.84243e-09
  300.00 -1.79559 -2.48877e-05 -2.49575e-05 -2.50457e-05  4.56685e-09  4.23933e-09  3.69934e-09
  300.00 -1.77154 -2.33338e-05 -2.33979e-05 -2.34857e-05 -5.27548e-09 -5.34823e-09 -5.47288e-09
  300.00 -1.74749 -1.44968e-05 -1.45201e-05 -1.45706e-05 -3.20471e-09 -2.70011e-09 -1.79639e-09
  300.00 -1.72345 -4.10216e-06 -4.07817e-06 -4.08441e-06  4.06211e-09  4.26057e-09  4.69845e-09
  300.00 -1.69940 -3.79993e-06 -3.75125e-06 -3.72600e-06 -5.16898e-09 -5.47430e-09 -6.23925e-09
  300.00 -1.67535 -9.30028e-06 -9.24893e-06 -9.19718e-06  7.30221e-09  6.77009e-09  6.22878e-09
  300.00 -1.65130 -1.40680e-05 -1.40183e-05 -1.39371e-05 -1.74566e-09 -1.60612e-09 -1.30616e-09
  300.00 -1.62725 -1.62595e-05 -1.62172e-05 -1.61310e-05 -2.79455e-09 -2.47360e-09 -2.20856e-09
  300.00 -1.60321 -1.66426e-05 -1.66133e-05 -1.65500e-05  6.69637e-10  6.76282e-10  6.78236e-10
  300.00 -1.57916 -1.32011e-05 -1.31821e-05 -1.31439e-05 -4.54859e-10 -4.97388e-10 -5.31419e-10
  300.00 -1.55511  1.46296e-06  1.47887e-06  1.50401e-06  1.58206e-09  1.53860e-09  1.45754e-09
  300.00 -1.53106  2.88966e-05  2.89187e-05  2.89451e-05  4.28254e-09  4.14104e-09  3.85685e-09
  300.00 -1.50701  5.72774e-05  5.73181e-05  5.73610e-05  4.75200e-09  4.36648e-09  3.62490e-09
  300.00 -1.48297  6.64041e-05  6.64639e-05  6.65253e-05 -1.28982e-08 -1.29726e-08 -1.30534e-08
  300.00 -1.45892  5.35873e-05  5.36209e-05  5.36552e-05 -1.86149e-08 -1.69643e-08 -1.37639e-08
  300.00 -1.43487  3.16175e-05  3.15903e-05  3.15630e-05  5.76124e-09  6.65445e-09  8.20991e-09
  300.00 -1.41082  1.16112e-05  1.15605e-05  1.15090e-05  1.29174e-09  1.04446e-09  4.47154e-10
  300.00 -1.38677  1.05262e-05  1.04901e-05  1.04512e-05 -4.44678e-10 -6.29360e-10 -1.01744e-09
  300.00 -1.36273  1.38062e-05  1.37863e-05  1.37589e-05 -5.60624e-10 -6.58225e-10 -8.38202e-10
  300.00 -1.33868  3.09997e-06  3.09301e-06  3.06851e-06 -3.28263e-10 -3.70418e-10 -4.24838e-10
  300.00 -1.31463 -1.50707e-05 -1.50657e-05 -1.50972e-05  1.87032e-10  1.55507e-10  1.64439e-10
  300.00 -1.29058 -3.53646e-05 -3.53469e-05 -3.53959e-05  7.36186e-10  6.54086e-10  7.36063e-10
  300.00 -1.26653 -4.96383e-05 -4.96072e-05 -4.96815e-05  4.01612e-10  2.60166e-10  4.24851e-10
  300.00 -1.24248 -5.48339e-05 -5.47909e-05 -5.48900e-05  3.37271e-11 -1.19896e-10  6.90696e-11
  300.00 -1.21844 -5.09878e-05 -5.09431e-05 -5.10454e-05 -1.77233e-10 -2.83133e-10 -1.46704e-10
  300.00 -1.19439 -3.52579e-05 -3.52306e-05 -3.52931e-05 -3.63682e-10 -2.62709e-10 -3.78773e-10
  300.00 -1.17034 -1.58330e-05 -1.58432e-05 -1.58204e-05 -1.68744e-11  1.40716e-10 -5.21082e-11
  300.00 -1.14629 -4.55009e-06 -4.59581e-06 -4.49203e-06 -3.07706e-12 -5.80286e-11  2.62103e-12
  300.00 -1.12224 -3.04546e-06 -3.09681e-06 -2.98000e-06 -2.02663e-11 -1.33896e-10  9.26580e-14
  300.00 -1.09820 -7.12126e-06 -7.15726e-06 -7.07533e-06  5.83535e-10  5.66349e-10  5.85881e-10
  300.00 -1.07415 -7.73023e-06 -7.74954e-06 -7.70568e-06  1.39386e-09  1.41529e-09  1.39007e-09
  300.00 -1.05010  1.68924e-06  1.68025e-06  1.70043e-06  2.97724e-09  3.01445e-09  2.97440e-09
  300.00 -1.02605  1.60235e-05  1.60198e-05  1.60275e-05  2.32614e-09  2.36888e-09  2.33392e-09
  300.00 -1.00200  2.20375e-05  2.20372e-05  2.20362e-05 -8.64211e-11 -3.56420e-11 -5.10460e-11
  300.00 -0.97796  1.91228e-05  1.91263e-05  1.91145e-05 -7.95713e-09 -7.87941e-09 -7.87232e-09
  300.00 -0.95391  2.37032e-05  2.37126e-05  2.36823e-05 -1.24388e-08 -1.24719e-08 -1.24914e-08
  300.00 -0.92986  4.11432e-05  4.11660e-05  4.10934e-05  4.06188e-08  3.97875e-08  3.94977e-08
  300.00 -0.90581  5.44948e-05  5.45479e-05  5.43777e-05  2.56576e-08  2.32671e-08  2.24295e-08
  300.00 -0.88176  4.21395e-05  4.22323e-05  4.19346e-05 -5.13060e-08 -5.31690e-08 -5.38405e-08
  300.00 -0.85772  1.74577e-06  1.80846e-06  1.61020e-06 -5.04280e-08 -4.75761e-08 -4.65551e-08
  300.00 -0.83367 -3.14203e-05 -3.14605e-05 -3.13329e-05 -1.21218e-08 -8.18512e-09 -6.79807e-09
  300.00 -0.80962 -2.96042e-05 -2.96775e-05 -2.94464e-05  1.78204e-09  2.63046e-09  2.88839e-09
  300.00 -0.78557 -6.35941e-06 -6.41404e-06 -6.24160e-06  1.02663e-10 -1.78159e-10 -3.04656e-10
  300.00 -0.76152  9.78224e-06  9.74666e-06  9.85852e-06 -2.62096e-10 -4.31866e-10 -5.01719e-10
  300.00 -0.73747  6.14950e-06  6.12798e-06  6.19438e-06  3.63940e-10  4.08960e-10  4.22454e-10
  300.00 -0.71343 -7.98920e-07 -8.10483e-07 -7.77696e-07 -4.60011e-10 -4.18337e-10 -4.04448e-10
  300.00 -0.68938 -3.63846e-06 -3.64509e-06 -3.63255e-06  4.19171e-10  4.19799e-10  4.22830e-10
  300.00 -0.66533 -1.10700e-05 -1.10754e-05 -1.10762e-05  2.77306e-10  2.70004e-10  2.77548e-10
  300.00 -0.64128 -1.61904e-05 -1.61974e-05 -1.62106e-05 -4.12548e-10 -4.14224e-10 -4.07567e-10
  300.00 -0.61723 -1.74702e-05 -1.74820e-05 -1.75120e-05 -3.76372e-12 -5.38249e-12 -1.08517e-11
  300.00 -0.59319 -2.27303e-05 -2.27499e-05 -2.28026e-05 -2.99266e-12 -2.44294e-12  3.08646e-12
  300.00 -0.56914 -2.45946e-05 -2.46217e-05 -2.46957e-05 -3.77130e-12  2.12644e-12  3.74674e-11
  300.00 -0.54509 -1.71723e-05 -1.72001e-05 -1.72766e-05  6.19110e-11  9.90673e-11  2.78747e-10
  300.00 -0.52104 -6.58843e-06 -6.60030e-06 -6.63298e-06  2.25535e-09  2.37761e-09  2.93027e-09
  300.00 -0.49699  3.16242e-06  3.17797e-06  3.22044e-06  9.77813e-09  9.88015e-09  1.03554e-08
  300.00 -0.47295  5.65944e-06  5.69067e-06  5.77624e-06  9.76419e-09  9.69082e-09  9.38266e-09
  300.00 -0.44890  2.94951e-06  2.97659e-06  3.05087e-06 -2.05511e-09 -2.16798e-09 -2.67510e-09
  300.00 -0.42485  8.94647e-06  8.96275e-06  9.00706e-06 -1.60131e-09 -1.65691e-09 -1.90968e-09
  300.00 -0.40080  2.01651e-05  2.01739e-05  2.01970e-05  3.42503e-09  3.39601e-09  3.25161e-09
  300.00 -0.37675  2.30141e-05  2.30187e-05  2.30286e-05 -1.15353e-09 -1.16877e-09 -1.28921e-09
  300.00 -0.35271  1.00676e-05  1.00695e-05  1.00690e-05 -1.91815e-08 -1.91788e-08 -1.92588e-08
  300.00 -0.32866 -2.20895e-06 -2.20882e-06 -2.21957e-06 -1.40641e-08 -1.40592e-08 -1.40873e-08
  300.00 -0.30461 -7.65570e-07 -7.66832e-07 -7.89247e-07 -5.69386e-09 -5.71329e-09 -5.69066e-09
  300.00 -0.28056  2.71259e-06  2.71029e-06  2.67704e-06  1.06826e-08  1.05700e-08  1.07222e-08
  300.00 -0.25651  1.03688e-06  1.03490e-06  1.00776e-06  8.60973e-09  8.50056e-09  8.64642e-09
  300.00 -0.23246 -5.58116e-07 -5.57922e-07 -5.54115e-07 -5.90181e-09 -5.84817e-09 -5.92038e-09
  300.00 -0.20842 -1.74760e-06 -1.74558e-06 -1.71491e-06 -2.80488e-09 -2.74433e-09 -2.83006e-09
  300.00 -0.18437 -4.30239e-06 -4.30056e-06 -4.26851e-06 -1.29133e-09 -1.25264e-09 -1.31389e-09
  300.00 -0.16032 -1.60727e-06 -1.60688e-06 -1.58692e-06 -3.58539e-09 -3.55912e-09 -3.60444e-09
  300.00 -0.13627  4.86038e-06  4.85890e-06  4.86790e-06 -6.11832e-10 -5.97562e-10 -6.01922e-10
  300.00 -0.11222  1.57701e-06  1.57348e-06  1.57498e-06  1.79626e-10  1.89630e-10  2.05210e-10
  300.00 -0.08818 -1.20412e-05 -1.20454e-05 -1.20475e-05  3.04620e-11 -5.89914e-12 -3.52541e-11
  300.00 -0.06413 -1.11927e-05 -1.11946e-05 -1.11956e-05  3.57077e-09  3.52023e-09  3.47498e-09
  300.00 -0.04008  5.80201e-06  5.80344e-06  5.80566e-06  1.32595e-09  1.33054e-09  1.33328e-09
  300.00 -0.01603  2.57844e-05  2.57878e-05  2.57920e-05 -1.83641e-09 -1.79757e-09 -1.76476e-09
  300.00  0.00802  4.50699e-05  4.50734e-05  4.50776e-05 -2.57198e-09 -2.54034e-09 -2.51341e-09
  300.00  0.03206  5.82624e-05  5.82652e-05  5.82685e-05 -1.56165e-09 -1.54574e-09 -1.53218e-09
  300.00  0.05611  6.53954e-05  6.53973e-05  6.53995e-05 -8.31300e-10 -8.23725e-10 -8.17278e-10
  300.00  0.08016  7.38619e-05  7.38631e-05  7.38645e-05 -4.40583e-10 -4.35973e-10 -4.32057e-10
  300.00  0.10421  6.82666e-05  6.82673e-05  6.82683e-05 -9.54589e-10 -9.50803e-10 -9.47619e-10
  300.00  0.12826  2.23159e-05  2.23164e-05  2.23170e-05 -1.29405e-09 -1.29218e-09 -1.29065e-09
  300.00  0.15230 -2.51993e-05 -2.51991e-05 -2.51988e-05 -4.30155e-10 -4.29683e-10 -4.29298e-10
  300.00  0.17635 -4.04326e-05 -4.04325e-05 -4.04324e-05 -1.12636e-10 -1.12509e-10 -1.12401e-10
  300.00  0.20040 -3.75934e-05 -3.75934e-05 -3.75933e-05 -1.02929e-10 -1.02905e-10 -1.02872e-10
  300.00  0.22445 -2.93734e-05 -2.93734e-05 -2.93734e-05 -1.51616e-11 -1.51673e-11 -1.51715e-11
  300.00  0.24850 -3.40101e-05 -3.40101e-05 -3.40101e-05  1.82628e-09  1.82624e-09  1.82625e-09
  300.00  0.27255 -4.32462e-05 -4.32462e-05 -4.32462e-05  9.11299e-09  9.11299e-09  9.11301e-09
  300.00  0.29659 -3.90997e-05 -3.90997e-05 -3.90997e-05 -6.41272e-09 -6.41266e-09 -6.41265e-09
  300.00  0.32064 -2.18014e-05 -2.18014e-05 -2.18014e-05 -4.96133e-09 -4.96134e-09 -4.96136e-09
  300.00  0.34469 -6.43270e-06 -6.43270e-06 -6.43270e-06  1.19266e-08  1.19265e-08  1.19265e-08
  300.00  0.36874 -1.49198e-05 -1.49198e-05 -1.49198e-05  1.30935e-08  1.30936e-08  1.30936e-08
  300.00  0.39279 -3.63247e-05 -3.63247e-05 -3.63247e-05  3.00966e-09  3.00971e-09  3.00971e-09
  300.00  0.41683 -4.00261e-05 -4.00261e-05 -4.00261e-05 -7.71268e-09 -7.71268e-09 -7.71267e-09
  300.00  0.44088 -2.82525e-05 -2.82525e-05 -2.82525e-05 -3.75414e-09 -3.75414e-09 -3.75414e-09
  300.00  0.46493 -1.93522e-05 -1.93522e-05 -1.93522e-05 -8.61563e-10 -8.61567e-10 -8.61566e-10
  300.00  0.48898 -1.12929e-05 -1.12929e-05 -1.12929e-05 -1.44709e-09 -1.44711e-09 -1.44710e-09
  300.00  0.51303  3.80310e-06  3.80310e-06  3.80310e-06 -1.37853e-09 -1.37854e-09 -1.37854e-09
  300.00  0.53707  1.86696e-05  1.86696e-05  1.86696e-05  1.14597e-08  1.14598e-08  1.14598e-08
  300.00  0.56112  3.07686e-05  3.07686e-05  3.07686e-05  5.59565e-08  5.59567e-08  5.59565e-08
  300.00  0.58517  4.49552e-05  4.49552e-05  4.49551e-05 -1.10914e-08 -1.10916e-08 -1.10916e-08
  300.00  0.60922  5.84671e-05  5.84671e-05  5.84671e-05 -1.11191e-07 -1.11191e-07 -1.11191e-07
  300.00  0.63327  6.88094e-05  6.88094e-05  6.88094e-05 -1.28353e-08 -1.28352e-08 -1.28352e-08
  300.00  0.65731  7.95253e-05  7.95253e-05  7.95253e-05  2.76357e-08  2.76357e-08  2.76357e-08
  300.00  0.68136  8.50221e-05  8.50221e-05  8.50221e-05 -3.82626e-10 -3.82651e-10 -3.82645e-10
  300.00  0.70541  6.70749e-05  6.70749e-05  6.70749e-05  7.19017e-09  7.19018e-09  7.19020e-09
  300.00  0.72946  2.04801e-05  2.04801e-05  2.04801e-05  5.33965e-08  5.33966e-08  5.33967e-08
  300.00  0.75351 -2.48692e-05 -2.48692e-05 -2.48692e-05  1.82618e-08  1.82619e-08  1.82619e-08
  300.00  0.77756 -2.48793e-05 -2.48793e-05 -2.48793e-05 -6.67198e-08 -6.67200e-08 -6.67201e-08
  300.00  0.80160  1.45885e-05  1.45885e-05  1.45885e-05 -9.17628e-09 -9.17631e-09 -9.17630e-09
  300.00  0.82565  6.54814e-05  6.54814e-05  6.54814e-05  1.31775e-08  1.31776e-08  1.31776e-08
  300.00  0.84970  9.41578e-05  9.41578e-05  9.41578e-05 -5.92198e-09 -5.92205e-09 -5.92209e-09
  300.00  0.87375  3.27542e-05  3.27542e-05  3.27541e-05 -4.55954e-09 -4.55961e-09 -4.55967e-09
  300.00  0.89780 -8.88345e-05 -8.88345e-05 -8.88345e-05  4.00281e-09  4.00279e-09  4.00279e-09
  300.00  0.92184 -1.25616e-04 -1.25616e-04 -1.25616e-04  2.43734e-08  2.43734e-08  2.43733e-08
  300.00  0.94589 -1.06689e-04 -1.06689e-04 -1.06689e-04 -4.31831e-09 -4.31832e-09 -4.31833e-09
  300.00  0.96994 -7.39645e-05 -7.39645e-05 -7.39645e-05 -1.46518e-08 -1.46519e-08 -1.46518e-08
  300.00  0.99399 -4.42770e-05 -4.42770e-05 -4.42770e-05  2.14656e-08  2.14658e-08  2.14657e-08
  300.00  1.01804 -3.02875e-05 -3.02875e-05 -3.02875e-05  2.28896e-08  2.28897e-08  2.28896e-08
  300.00  1.04208 -3.38477e-05 -3.38477e-05 -3.38477e-05  1.48532e-08  1.48532e-08  1.48531e-08
  300.00  1.06613 -4.90588e-05 -4.90588e-05 -4.90588e-05  2.12911e-08  2.12910e-08  2.12910e-08
  300.00  1.09018 -6.48272e-05 -6.48272e-05 -6.48272e-05  2.55232e-08  2.55233e-08  2.55232e-08
  300.00  1.11423 -6.73239e-05 -6.73239e-05 -6.73239e-05  2.15846e-08  2.15847e-08  2.15847e-08
  300.00  1.13828 -5.71660e-05 -5.71660e-05 -5.71660e-05  1.21717e-08  1.21717e-08  1.21718e-08
  300.00  1.16232 -3.85217e-05 -3.85217e-05 -3.85217e-05  2.96889e-09  2.96888e-09  2.96893e-09
  300.00  1.18637 -1.30020e-05 -1.30020e-05 -1.30020e-05 -1.02837e-08 -1.02838e-08 -1.02838e-08
  300.00  1.21042  1.60197e-05  1.60197e-05  1.60197e-05 -1.31625e-08 -1.31625e-08 -1.31625e-08
  300.00  1.23447  4.61294e-05  4.61294e-05  4.61294e-05 -9.48310e-10 -9.48304e-10 -9.48306e-10
  300.00  1.25852  6.96538e-05  6.96538e-05  6.96538e-05  1.82416e-08  1.82416e-08  1.82416e-08
  300.00  1.28257  7.45796e-05  7.45796e-05  7.45796e-05  4.61204e-08  4.61206e-08  4.61207e-08
  300.00  1.30661  5.80164e-05  5.80164e-05  5.80164e-05 -6.80251e-08 -6.80249e-08 -6.80249e-08
  300.00  1.33066  3.36398e-05  3.36398e-05  3.36398e-05 -1.22514e-07 -1.22515e-07 -1.22515e-07
  300.00  1.35471  2.50697e-05  2.50697e-05  2.50697e-05 -1.50461e-08 -1.50462e-08 -1.50463e-08
  300.00  1.37876  2.73130e-05  2.73130e-05  2.73130e-05  8.58554e-08  8.58553e-08  8.58553e-08
  300.00  1.40281  1.72462e-05  1.72462e-05  1.72462e-05  9.49043e-08  9.49041e-08  9.49044e-08
  300.00  1.42685 -2.69903e-06 -2.69903e-06 -2.69903e-06 -1.78980e-07 -1.78980e-07 -1.78980e-07
  300.00  1.45090  2.12137e-06  2.12137e-06  2.12137e-06 -5.39937e-08 -5.39934e-08 -5.39935e-08
  300.00  1.47495  3.67320e-05  3.67320e-05  3.67320e-05  3.57757e-07  3.57757e-07  3.57757e-07
  300.00  1.49900  7.73251e-05  7.73251e-05  7.73251e-05 -3.84525e-08 -3.84527e-08 -3.84528e-08
  300.00  1.52305  8.46953e-05  8.46953e-05  8.46953e-05 -1.15787e-06 -1.15787e-06 -1.15787e-06
  300.00  1.54709  3.73709e-06  3.73709e-06  3.73710e-06 -1.31930e-07 -1.31930e-07 -1.31929e-07
  300.00  1.57114 -8.67501e-05 -8.67501e-05 -8.67501e-05  1.63734e-06  1.63734e-06  1.63734e-06
  300.00  1.59519 -8.94802e-05 -8.94802e-05 -8.94802e-05  6.58817e-07  6.58817e-07  6.58817e-07
  300.00  1.61924 -5.48398e-05 -5.48398e-05 -5.48398e-05 -9.24548e-08 -9.24546e-08 -9.24547e-08
  300.00  1.64329 -2.24148e-05 -2.24148e-05 -2.24148e-05 -1.35802e-07 -1.35801e-07 -1.35801e-07
  300.00  1.66733 -3.60244e-06 -3.60243e-06 -3.60244e-06 -7.09877e-09 -7.09864e-09 -7.09873e-09
  300.00  1.69138  5.18271e-06  5.18270e-06  5.18270e-06  7.52741e-08  7.52742e-08  7.52738e-08
  300.00  1.71543  4.86174e-06  4.86174e-06  4.86174e-06 -2.92052e-07 -2.92053e-07 -2.92053e-07
  300.00  1.73948 -1.22999e-05 -1.22999e-05 -1.22999e-05 -2.51456e-07 -2.51456e-07 -2.51455e-07
  300.00  1.76353 -3.09014e-05 -3.09014e-05 -3.09014e-05  3.26608e-07  3.26608e-07  3.26608e-07
  300.00  1.78758 -3.77630e-05 -3.77630e-05 -3.77630e-05 -1.28304e-07 -1.28304e-07 -1.28304e-07
  300.00  1.81162 -3.97558e-05 -3.97558e-05 -3.97558e-05 -5.71124e-08 -5.71124e-08 -5.71123e-08
  300.00  1.83567 -3.79691e-05 -3.79691e-05 -3.79691e-05  7.15837e-08  7.15838e-08  7.15838e-08
  300.00  1.85972 -2.50517e-05 -2.50517e-05 -2.50517e-05  6.19544e-10  6.19517e-10  6.19490e-10
  300.00  1.88377  3.84268e-07  3.84271e-07  3.84269e-07 -1.16782e-08 -1.16782e-08 -1.16783e-08
  300.00  1.90782  2.14892e-05  2.14892e-05  2.14892e-05 -6.59169e-09 -6.59169e-09 -6.59171e-09
  300.00  1.93186  2.44275e-05  2.44275e-05  2.44275e-05 -9.51424e-09 -9.51423e-09 -9.51421e-09
  300.00  1.95591  1.36942e-05  1.36942e-05  1.36942e-05 -1.54622e-08 -1.54621e-08 -1.54621e-08
  300.00  1.97996 -1.06929e-06 -1.06929e-06 -1.06929e-06  5.01646e-09  5.01648e-09  5.01644e-09
  300.00  2.00401 -6.19116e-06 -6.19116e-06 -6.19116e-06  1.96716e-08  1.96716e-08  1.96715e-08
  300.00  2.02806  5.02141e-06  5.02141e-06  5.02141e-06 -5.26319e-09 -5.26318e-09 -5.26315e-09
  300.00  2.05210  1.27803e-05  1.27803e-05  1.27803e-05 -2.65320e-09 -2.65321e-09 -2.65318e-09
  300.00  2.07615 -4.26181e-06 -4.26181e-06 -4.26181e-06  1.59986e-08  1.59987e-08  1.59988e-08
  300.00  2.10020 -3.57354e-05 -3.57354e-05 -3.57354e-05  1.14909e-07  1.14909e-07  1.14909e-07
  300.00  2.12425 -3.67565e-05 -3.67565e-05 -3.67565e-05  6.94179e-08  6.94179e-08  6.94179e-08
  300.00  2.14830 -8.76248e-06 -8.76248e-06 -8.76248e-06 -9.84238e-09 -9.84238e-09 -9.84245e-09
  300.00  2.17234  2.76224e-05  2.76224e-05  2.76224e-05  1.07979e-08  1.07979e-08  1.07978e-08
  300.00  2.19639  6.54799e-05  6.54799e-05  6.54799e-05 -4.94752e-09 -4.94761e-09 -4.94754e-09
  300.00  2.22044  9.16045e-05  9.16045e-05  9.16045e-05 -2.77865e-07 -2.77865e-07 -2.77865e-07
  300.00  2.24449  6.34568e-05  6.34568e-05  6.34568e-05 -3.36760e-07 -3.36760e-07 -3.36760e-07
  300.00  2.26854 -1.31173e-05 -1.31173e-05 -1.31173e-05  1.17635e-07  1.17636e-07  1.17636e-07
  300.00  2.29259 -6.39977e-05 -6.39977e-05 -6.39977e-05  2.00988e-07  2.00988e-07  2.00987e-07
  300.00  2.31663 -8.35474e-05 -8.35474e-05 -8.35474e-05  2.49277e-08  2.49277e-08  2.49277e-08
  300.00  2.34068 -7.62511e-05 -7.62511e-05 -7.62511e-05 -9.00862e-08 -9.00863e-08 -9.00862e-08
  300.00  2.36473 -5.19285e-05 -5.19285e-05 -5.19285e-05  1.24611e-08  1.24611e-08  1.24611e-08
  300.00  2.38878 -2.60467e-05 -2.60467e-05 -2.60467e-05  1.53600e-08  1.53600e-08  1.53600e-08
  300.00  2.41283 -1.30910e-05 -1.30910e-05 -1.30910e-05 -1.29178e-08 -1.29178e-08 -1.29178e-08
  300.00  2.43687 -1.18084e-05 -1.18084e-05 -1.18084e-05 -8.76213e-09 -8.76215e-09 -8.76214e-09
  300.00  2.46092  3.75075e-07  3.75073e-07  3.75073e-07  1.24848e-08  1.24847e-08  1.24847e-08
  300.00  2.48497  3.35845e-05  3.35845e-05  3.35845e-05  4.26365e-08  4.26365e-08  4.26365e-08
  300.00  2.50902  7.49430e-05  7.49430e-05  7.49430e-05 -8.79972e-09 -8.79964e-09 -8.79969e-09
  300.00  2.53307  1.06066e-04  1.06066e-04  1.06066e-04 -8.58445e-08 -8.58445e-08 -8.58445e-08
  300.00  2.55711  1.10119e-04  1.10119e-04  1.10119e-04 -6.75800e-08 -6.75801e-08 -6.75801e-08
  300.00  2.58116  7.40033e-05  7.40033e-05  7.40033e-05 -9.35095e-09 -9.35099e-09 -9.35092e-09
  300.00  2.60521  2.90271e-06  2.90271e-06  2.90270e-06  1.01529e-07  1.01529e-07  1.01530e-07
  300.00  2.62926 -4.99385e-05 -4.99385e-05 -4.99385e-05  1.47846e-07  1.47846e-07  1.47846e-07
  300.00  2.65331 -4.76010e-05 -4.76010e-05 -4.76010e-05 -6.07827e-08 -6.07826e-08 -6.07827e-08
  300.00  2.67735 -1.94791e-05 -1.94791e-05 -1.94791e-05 -1.39415e-07 -1.39416e-07 -1.39416e-07
  300.00  2.70140 -2.82770e-06 -2.82770e-06 -2.82770e-06  1.40072e-08  1.40071e-08  1.40072e-08
  300.00  2.72545 -1.25689e-05 -1.25689e-05 -1.25689e-05  1.27883e-07  1.27883e-07  1.27883e-07
  300.00  2.74950 -3.79311e-05 -3.79311e-05 -3.79311e-05  5.43187e-08  5.43187e-08  5.43187e-08
  300.00  2.77355 -4.46598e-05 -4.46598e-05 -4.46598e-05 -4.93407e-08 -4.93407e-08 -4.93408e-08
  300.00  2.79760 -1.80993e-05 -1.80993e-05 -1.80993e-05 -5.29024e-08 -5.29024e-08 -5.29025e-08
  300.00  2.82164  2.13944e-05  2.13944e-05  2.13944e-05  8.83719e-09  8.83716e-09  8.83721e-09
  300.00  2.84569  4.96228e-05  4.96228e-05  4.96228e-05  1.19686e-07  1.19686e-07  1.19686e-07
  300.00  2.86974  4.66029e-05  4.66029e-05  4.66029e-05  1.52518e-07  1.52518e-07  1.52519e-07
  300.00  2.89379  1.08700e-05  1.08700e-05  1.08700e-05 -8.43165e-08 -8.43167e-08 -8.43165e-08
  300.00  2.91784 -3.59656e-05 -3.59656e-05 -3.59656e-05 -1.46304e-07 -1.46304e-07 -1.46304e-07
  300.00  2.94188 -7.02799e-05 -7.02799e-05 -7.02799e-05 -7.38644e-08 -7.38643e-08 -7.38645e-08
  300.00  2.96593 -6.86627e-05 -6.86627e-05 -6.86627e-05 -1.87707e-08 -1.87707e-08 -1.87707e-08
  300.00  2.98998 -3.45988e-05 -3.45988e-05 -3.45988e-05 -2.85843e-09 -2.85845e-09 -2.85846e-09
  300.00  3.01403  4.58624e-06  4.58624e-06  4.58624e-06  1.84278e-09  1.84281e-09  1.84279e-09
  300.00  3.03808  2.35071e-05  2.35071e-05  2.35071e-05  7.75738e-10  7.75737e-10  7.75775e-10
  300.00  3.06212  2.00832e-05  2.00832e-05  2.00832e-05 -1.21300e-08 -1.21301e-08 -1.21302e-08
  300.00  3.08617  5.27530e-06  5.27530e-06  5.27531e-06  8.40023e-08  8.40024e-08  8.40023e-08
  300.00  3.11022 -1.86593e-05 -1.86593e-05 -1.86593e-05 -9.13148e-10 -9.13054e-10 -9.12939e-10
  300.00  3.13427 -3.21780e-05 -3.21780e-05 -3.21780e-05 -4.60029e-08 -4.60030e-08 -4.60029e-08
  300.00  3.15832 -1.95180e-05 -1.95180e-05 -1.95180e-05 -1.31263e-08 -1.31264e-08 -1.31264e-08
  300.00  3.18236  4.00494e-06  4.00494e-06  4.00494e-06 -1.13875e-08 -1.13875e-08 -1.13875e-08
  300.00  3.20641  1.76553e-05  1.76553e-05  1.76553e-05  1.29965e-07  1.29965e-07  1.29965e-07
  300.00  3.23046  9.18994e-06  9.18994e-06  9.18994e-06  4.34872e-07  4.34872e-07  4.34871e-07
  300.00  3.25451 -9.13762e-06 -9.13761e-06 -9.13762e-06 -2.67663e-07 -2.67663e-07 -2.67664e-07
  300.00  3.27856 -1.09051e-05 -1.09051e-05 -1.09051e-05 -3.81230e-07 -3.81230e-07 -3.81229e-07
  300.00  3.30261  3.79857e-06  3.79857e-06  3.79857e-06  1.49953e-07  1.49953e-07  1.49953e-07
  300.00  3.32665  1.65276e-05  1.65276e-05  1.65277e-05  2.69042e-07  2.69042e-07  2.69042e-07
  300.00  3.35070  1.96817e-05  1.96817e-05  1.96817e-05  3.90978e-07  3.90977e-07  3.90978e-07
  300.00  3.37475  2.09228e-05  2.09228e-05  2.09228e-05  5.30832e-07  5.30833e-07  5.30833e-07
  300.00  3.39880  3.67961e-05  3.67961e-05  3.67961e-05 -3.77483e-07 -3.77483e-07 -3.77483e-07
  300.00  3.42285  5.77062e-05  5.77062e-05  5.77062e-05 -1.30478e-06 -1.30478e-06 -1.30478e-06
  300.00  3.44689  4.69208e-05  4.69208e-05  4.69208e-05 -6.86479e-07 -6.86479e-07 -6.86479e-07
  300.00  3.47094  3.40213e-06  3.40213e-06  3.40213e-06 -5.41058e-08 -5.41060e-08 -5.41059e-08
  300.00  3.49499 -2.91828e-05 -2.91828e-05 -2.91828e-05  2.81035e-08  2.81036e-08  2.81036e-08
  300.00  3.51904 -3.72845e-05 -3.72845e-05 -3.72845e-05 -9.48462e-09 -9.48478e-09 -9.48473e-09
  300.00  3.54309 -2.70467e-05 -2.70467e-05 -2.70467e-05 -1.04848e-07 -1.04848e-07 -1.04848e-07
  300.00  3.56713 -1.06379e-05 -1.06379e-05 -1.06379e-05  6.70447e-08  6.70449e-08  6.70448e-08
  300.00  3.59118  2.84839e-06  2.84838e-06  2.84839e-06  1.74629e-07  1.74629e-07  1.74629e-07
  300.00  3.61523  1.66503e-05  1.66503e-05  1.66503e-05  1.10246e-07  1.10246e-07  1.10246e-07
  300.00  3.63928  1.84484e-05  1.84484e-05  1.84484e-05 -8.48836e-09 -8.48836e-09 -8.48831e-09
  300.00  3.66333 -4.92819e-07 -4.92817e-07 -4.92822e-07 -1.74408e-07 -1.74408e-07 -1.74407e-07
  300.00  3.68737 -2.28128e-05 -2.28128e-05 -2.28128e-05 -1.89415e-07 -1.89415e-07 -1.89415e-07
  300.00  3.71142 -4.51228e-05 -4.51228e-05 -4.51228e-05 -1.39270e-08 -1.39271e-08 -1.39272e-08
  300.00  3.73547 -4.35599e-05 -4.35599e-05 -4.35599e-05  5.41525e-10  5.41485e-10  5.41507e-10
  300.00  3.75952 -1.60734e-05 -1.60734e-05 -1.60734e-05  1.64942e-07  1.64942e-07  1.64942e-07
  300.00  3.78357  1.57653e-05  1.57653e-05  1.57653e-05  1.93501e-07  1.93501e-07  1.93501e-07
  300.00  3.80762  3.92198e-05  3.92198e-05  3.92198e-05 -2.69788e-07 -2.69788e-07 -2.69788e-07
  300.00  3.83166  4.90496e-05  4.90496e-05  4.90496e-05 -4.40559e-07 -4.40559e-07 -4.40559e-07
  300.00  3.85571  4.20759e-05  4.20759e-05  4.20759e-05  1.84041e-07  1.84041e-07  1.84041e-07
  300.00  3.87976 -2.62795e-06 -2.62795e-06 -2.62796e-06  3.78784e-07  3.78784e-07  3.78784e-07
  300.00  3.90381 -6.44317e-05 -6.44317e-05 -6.44317e-05  2.91814e-07  2.91814e-07  2.91814e-07
  300.00  3.92786 -6.75163e-05 -6.75163e-05 -6.75163e-05  2.63455e-07  2.63455e-07  2.63455e-07
  300.00  3.95190 -2.81027e-05 -2.81026e-05 -2.81026e-05  8.71765e-08  8.71767e-08  8.71768e-08
  300.00  3.97595  2.02549e-05  2.02549e-05  2.02549e-05 -1.81872e-07 -1.81872e-07 -1.81872e-07
  300.00  4.00000  6.12206e-05  6.12206e-05  6.12206e-05 -3.45634e-07 -3.45635e-07 -3.45635e-07
