  300.00 -8.00000  6.04205e-05  6.04205e-05  6.04205e-05 -4.57843e-07 -4.57844e-07 -4.57844e-07
  300.00 -7.97595  5.39759e-05  5.39759e-05  5.39759e-05 -2.64063e-07 -2.64063e-07 -2.64062e-07
  300.00 -7.95190  2.15046e-05  2.15046e-05  2.15046e-05  3.66955e-08  3.66960e-08  3.66957e-08
  300.00 -7.92786 -2.75282e-05 -2.75281e-05 -2.75281e-05  1.90628e-08  1.90620e-08  1.90623e-08
  300.00 -7.90381 -3.87823e-05 -3.87823e-05 -3.87823e-05 -2.57935e-08 -2.57929e-08 -2.57931e-08
  300.00 -7.87976 -1.72502e-05 -1.72502e-05 -1.72502e-05  6.91753e-08  6.91755e-08  6.91753e-08
  300.00 -7.85571  1.02268e-05  1.02268e-05  1.02268e-05  6.52642e-08  6.52626e-08  6.52632e-08
  300.00 -7.83166  1.81370e-05  1.81370e-05  1.81370e-05 -1.83274e-07 -1.83273e-07 -1.83273e-07
  300.00 -7.80762 -8.04996e-06 -8.04997e-06 -8.04993e-06 -6.74116e-08 -6.74093e-08 -6.74103e-08
  300.00 -7.78357 -3.99882e-05 -3.99882e-05 -3.99881e-05  5.16070e-07  5.16070e-07  5.16071e-07
  300.00 -7.75952 -6.39058e-05 -6.39058e-05 -6.39058e-05  2.27815e-07  2.27815e-07  2.27815e-07
  300.00 -7.73547 -6.79480e-05 -6.79480e-05 -6.79480e-05 -2.28300e-07 -2.28301e-07 -2.28301e-07
  300.00 -7.71142 -4.80138e-05 -4.80138e-05 -4.80139e-05 -8.82267e-08 -8.82268e-08 -8.82268e-08
  300.00 -7.68737 -1.74803e-05 -1.74803e-05 -1.74803e-05  5.02095e-08  5.02095e-08  5.02095e-08
  300.00 -7.66333  1.22647e-05  1.22647e-05  1.22647e-05  9.35096e-09  9.35090e-09  9.35099e-09
  300.00 -7.63928  2.46434e-05  2.46434e-05  2.46434e-05 -2.93954e-08 -2.93953e-08 -2.93954e-08
  300.00 -7.61523  1.68844e-05  1.68844e-05  1.68845e-05 -8.04415e-10 -8.04415e-10 -8.04436e-10
  300.00 -7.59118  1.67683e-05  1.67683e-05  1.67683e-05  1.42288e-08  1.42290e-08  1.42289e-08
  300.00 -7.56713  3.88960e-05  3.88960e-05  3.88960e-05  1.37538e-07  1.37538e-07  1.37538e-07
  300.00 -7.54309  6.49195e-05  6.49195e-05  6.49195e-05  5.57644e-08  5.57640e-08  5.57643e-08
  300.00 -7.51904  6.12037e-05  6.12037e-05  6.12036e-05 -4.63100e-07 -4.63101e-07 -4.63100e-07
  300.00 -7.49499  5.99593e-06  5.99594e-06  5.99593e-06 -2.35577e-07 -2.35577e-07 -2.35577e-07
  300.00 -7.47094 -4.12201e-05 -4.12201e-05 -4.12201e-05  1.75113e-07  1.75113e-07  1.75113e-07
  300.00 -7.44689 -4.25736e-05 -4.25736e-05 -4.25736e-05 -5.34593e-08 -5.34593e-08 -5.34592e-08
  300.00 -7.42285 -2.35252e-05 -2.35252e-05 -2.35252e-05 -1.46331e-08 -1.46326e-08 -1.46331e-08
  300.00 -7.39880 -1.83104e-06 -1.83105e-06 -1.83105e-06  8.18949e-08  8.18950e-08  8.18948e-08
  300.00 -7.37475  1.30078e-05  1.30077e-05  1.30077e-05 -2.63396e-08 -2.63396e-08 -2.63395e-08
  300.00 -7.35070  6.88930e-06  6.88929e-06  6.88929e-06 -8.70664e-08 -8.70666e-08 -8.70664e-08
  300.00 -7.32665 -2.20510e-05 -2.20510e-05 -2.20510e-05  1.84750e-09  1.84696e-09  1.84756e-09
  300.00 -7.30261 -4.85109e-05 -4.85109e-05 -4.85109e-05  1.59989e-07  1.59989e-07  1.59990e-07
  300.00 -7.27856 -5.81416e-05 -5.81416e-05 -5.81416e-05  1.20093e-07  1.20094e-07  1.20094e-07
  300.00 -7.25451 -5.02159e-05 -5.02159e-05 -5.02159e-05 -5.57986e-08 -5.57985e-08 -5.57986e-08
  300.00 -7.23046 -2.47280e-05 -2.47280e-05 -2.47280e-05 -6.02141e-08 -6.02142e-08 -6.02143e-08
  300.00 -7.20641  6.25269e-06  6.25269e-06  6.25268e-06  2.07853e-09  2.07847e-09  2.07858e-09
  300.00 -7.18236  2.62188e-05  2.62188e-05  2.62188e-05  7.67429e-09  7.67434e-09  7.67435e-09
  300.00 -7.15832  2.79327e-05  2.79327e-05  2.79327e-05 -4.25167e-09 -4.25171e-09 -4.25174e-09
  300.00 -7.13427  1.94935e-05  1.94935e-05  1.94935e-05 -2.21610e-09 -2.21609e-09 -2.21611e-09
  300.00 -7.11022  8.40957e-06  8.40957e-06  8.40959e-06  6.59704e-10  6.59711e-10  6.59715e-10
  300.00 -7.08617  4.05355e-06  4.05355e-06  4.05358e-06 -5.48827e-10 -5.48833e-10 -5.48836e-10
  300.00 -7.06212 -2.37622e-06 -2.37621e-06 -2.37620e-06  1.30591e-09  1.30598e-09  1.30595e-09
  300.00 -7.03808 -2.05443e-05 -2.05443e-05 -2.05443e-05  2.41702e-09  2.41702e-09  2.41705e-09
  300.00 -7.01403 -2.95449e-05 -2.95449e-05 -2.95449e-05 -1.01451e-09 -1.01453e-09 -1.01452e-09
  300.00 -6.98998 -1.22290e-05 -1.22290e-05 -1.22290e-05 -2.37177e-09 -2.37179e-09 -2.37181e-09
  300.00 -6.96593  1.92673e-05  1.92673e-05  1.92673e-05  2.22005e-09  2.22004e-09  2.22006e-09
  300.00 -6.94188  3.47292e-05  3.47292e-05  3.47292e-05  9.86296e-10  9.86288e-10  9.86318e-10
  300.00 -6.91784  7.15484e-06  7.15485e-06  7.15484e-06 -1.68702e-09 -1.68702e-09 -1.68704e-09
  300.00 -6.89379 -2.62058e-05 -2.62058e-05 -2.62058e-05  7.13130e-11  7.13089e-11  7.13068e-11
  300.00 -6.86974 -2.37417e-05 -2.37417e-05 -2.37418e-05  2.95287e-09  2.95284e-09  2.95284e-09
  300.00 -6.84569 -4.58042e-06 -4.58041e-06 -4.58042e-06  6.41983e-09  6.41985e-09  6.41983e-09
  300.00 -6.82164  9.17087e-06  9.17087e-06  9.17086e-06  6.53973e-10  6.53999e-10  6.53992e-10
  300.00 -6.79760  1.15387e-06  1.15387e-06  1.15387e-06  4.14041e-10  4.14098e-10  4.14061e-10
  300.00 -6.77355 -3.29522e-05 -3.29522e-05 -3.29522e-05 -2.24574e-10 -2.24475e-10 -2.24569e-10
  300.00 -6.74950 -5.62985e-05 -5.62985e-05 -5.62985e-05 -4.18898e-09 -4.18895e-09 -4.18901e-09
  300.00 -6.72545 -4.69378e-05 -4.69378e-05 -4.69378e-05 -6.85138e-09 -6.85148e-09 -6.85139e-09
  300.00 -6.70140 -2.05559e-05 -2.05559e-05 -2.05559e-05  5.20347e-09  5.20345e-09  5.20353e-09
  300.00 -6.67735  1.16417e-05  1.16417e-05  1.16417e-05  9.28771e-09  9.28784e-09  9.28772e-09
  300.00 -6.65331  4.17877e-05  4.17877e-05  4.17877e-05 -9.07345e-09 -9.07349e-09 -9.07349e-09
  300.00 -6.62926  5.60234e-05  5.60234e-05  5.60234e-05 -9.81171e-09 -9.81184e-09 -9.81174e-09
  300.00 -6.60521  4.00264e-05  4.00264e-05  4.00264e-05  1.62138e-09  1.62139e-09  1.62140e-09
  300.00 -6.58116  8.46618e-06  8.46618e-06  8.46618e-06 -1.54240e-09 -1.54240e-09 -1.54240e-09
  300.00 -6.55711 -1.73488e-05 -1.73488e-05 -1.73488e-05  6.90025e-09  6.90021e-09  6.90021e-09
  300.00 -6.53307 -3.78720e-05 -3.78720e-05 -3.78720e-05  9.03463e-09  9.03456e-09  9.03454e-09
  300.00 -6.50902 -4.26643e-05 -4.26643e-05 -4.26643e-05 -5.59915e-09 -5.59919e-09 -5.59915e-09
  300.00 -6.48497 -3.05947e-05 -3.05947e-05 -3.05947e-05 -3.30357e-09 -3.30352e-09 -3.30352e-09
  300.00 -6.46092 -1.62251e-05 -1.62251e-05 -1.62251e-05 -1.73361e-10 -1.73340e-10 -1.73346e-10
  300.00 -6.43687 -5.64767e-06 -5.64768e-06 -5.64768e-06 -3.56438e-10 -3.56427e-10 -3.56437e-10
  300.00 -6.41283  2.96826e-06  2.96827e-06  2.96826e-06  2.30036e-09  2.30036e-09  2.30033e-09
  300.00 -6.38878  1.35211e-05  1.35211e-05  1.35211e-05  6.59581e-09  6.59583e-09  6.59583e-09
  300.00 -6.36473  2.50648e-05  2.50648e-05  2.50648e-05 -4.76012e-09 -4.76014e-09 -4.76011e-09
  300.00 -6.34068  2.48218e-05  2.48218e-05  2.48218e-05 -4.46665e-09 -4.46667e-09 -4.46666e-09
  300.00 -6.31663  4.11197e-06  4.11197e-06  4.11198e-06 -8.16060e-10 -8.16056e-10 -8.16055e-10
  300.00 -6.29259 -1.31900e-05 -1.31900e-05 -1.31900e-05  6.21081e-12  6.21793e-12  6.22284e-12
  300.00 -6.26854 -1.11991e-05 -1.11991e-05 -1.11991e-05  3.01016e-11  3.01085e-11  3.01159e-11
  300.00 -6.24449 -3.15588e-06 -3.15588e-06 -3.15588e-06 -1.12155e-10 -1.12154e-10 -1.12155e-10
  300.00 -6.22044 -8.08000e-07 -8.08003e-07 -8.08005e-07 -6.75743e-10 -6.75753e-10 -6.75757e-10
  300.00 -6.19639 -3.15260e-06 -3.15259e-06 -3.15260e-06 -8.44506e-10 -8.44511e-10 -8.44506e-10
  300.00 -6.17234 -8.57962e-06 -8.57962e-06 -8.57962e-06  8.83916e-11  8.83912e-11  8.83798e-11
  300.00 -6.14830 -1.92928e-05 -1.92928e-05 -1.92928e-05  2.35972e-09  2.35973e-09  2.35969e-09
  300.00 -6.12425 -3.12752e-05 -3.12752e-05 -3.12752e-05  1.38862e-09  1.38863e-09  1.38864e-09
  300.00 -6.10020 -2.55854e-05 -2.55854e-05 -2.55854e-05 -2.82813e-09 -2.82814e-09 -2.82811e-09
  300.00 -6.07615 -2.73416e-06 -2.73416e-06 -2.73416e-06  5.70822e-10  5.70829e-10  5.70814e-10
  300.00 -6.05210  1.44253e-05  1.44253e-05  1.44253e-05  1.37272e-10  1.37276e-10  1.37285e-10
  300.00 -6.02806  1.30274e-05  1.30274e-05  1.30274e-05 -8.83589e-10 -8.83601e-10 -8.83603e-10
  300.00 -6.00401  1.01166e-05  1.01166e-05  1.01166e-05  1.82021e-09  1.82021e-09  1.82020e-09
  300.00 -5.97996  1.57085e-05  1.57085e-05  1.57085e-05  4.20035e-10  4.20044e-10  4.20047e-10
  300.00 -5.95591  1.44023e-05  1.44023e-05  1.44023e-05 -1.49496e-09 -1.49496e-09 -1.49495e-09
  300.00 -5.93186  1.08988e-06  1.08989e-06  1.08989e-06 -4.19974e-10 -4.19970e-10 -4.19968e-10
  300.00 -5.90782 -6.77952e-06 -6.77952e-06 -6.77952e-06 -2.29812e-10 -2.29813e-10 -2.29813e-10
  300.00 -5.88377 -2.23479e-06 -2.23479e-06 -2.23479e-06 -7.54714e-11 -7.54877e-11 -7.54947e-11
  300.00 -5.85972  4.93242e-06  4.93242e-06  4.93242e-06  3.40182e-10  3.40184e-10  3.40172e-10
  300.00 -5.83567  9.89870e-06  9.89870e-06  9.89870e-06  1.95367e-10  1.95382e-10  1.95380e-10
  300.00 -5.81162  5.27151e-06  5.27150e-06  5.27151e-06 -3.52072e-10 -3.52072e-10 -3.52055e-10
  300.00 -5.78758 -1.47054e-05 -1.47054e-05 -1.47054e-05 -3.45779e-10 -3.45797e-10 -3.45793e-10
  300.00 -5.76353 -2.98510e-05 -2.98510e-05 -2.98510e-05  3.34403e-10  3.34415e-10  3.34414e-10
  300.00 -5.73948 -2.54765e-05 -2.54765e-05 -2.54765e-05 -1.08084e-10 -1.08078e-10 -1.08077e-10
  300.00 -5.71543 -8.75898e-06 -8.75897e-06 -8.75898e-06 -4.27356e-11 -4.27449e-11 -4.27472e-11
  300.00 -5.69138  9.96859e-06  9.96859e-06  9.96858e-06  1.82201e-11  1.82180e-11  1.82195e-11
  300.00 -5.66733  2.11776e-05  2.11776e-05  2.11776e-05  6.26529e-11  6.26578e-11  6.26613e-11
  300.00 -5.64329  2.15718e-05  2.15718e-05  2.15718e-05 -2.09531e-10 -2.09533e-10 -2.09541e-10
  300.00 -5.61924  1.62970e-05  1.62970e-05  1.62970e-05  2.88757e-10  2.88757e-10  2.88760e-10
  300.00 -5.59519  1.27147e-05  1.27147e-05  1.27147e-05  1.44221e-09  1.44221e-09  1.44222e-09
  300.00 -5.57114  6.55168e-06  6.55168e-06  6.55168e-06 -5.93857e-10 -5.93853e-10 -5.93855e-10
  300.00 -5.54709 -6.37732e-06 -6.37732e-06 -6.37732e-06 -1.45451e-09 -1.45451e-09 -1.45451e-09
  300.00 -5.52305 -9.79644e-06 -9.79644e-06 -9.79644e-06  2.96881e-10  2.96864e-10  2.96862e-10
  300.00 -5.49900  4.56984e-07  4.56982e-07  4.56984e-07  1.33479e-10  1.33478e-10  1.33475e-10
  300.00 -5.47495  1.05612e-05  1.05612e-05  1.05612e-05 -1.04749e-10 -1.04746e-10 -1.04743e-10
  300.00 -5.45090  1.23192e-05  1.23192e-05  1.23192e-05  1.77269e-11  1.77251e-11  1.77259e-11
  300.00 -5.42685  6.95870e-06  6.95870e-06  6.95870e-06  3.11628e-10  3.11613e-10  3.11628e-10
  300.00 -5.40281 -3.55333e-06 -3.55333e-06 -3.55333e-06  2.76905e-11  2.76933e-11  2.77000e-11
  300.00 -5.37876 -9.21344e-06 -9.21344e-06 -9.21344e-06 -2.84314e-10 -2.84297e-10 -2.84309e-10
  300.00 -5.35471 -5.64421e-06 -5.64420e-06 -5.64421e-06 -1.02534e-10 -1.02532e-10 -1.02536e-10
  300.00 -5.33066  6.17886e-06  6.17887e-06  6.17886e-06 -3.70917e-12 -3.71223e-12 -3.71289e-12
  300.00 -5.30661  2.02793e-05  2.02793e-05  2.02793e-05 -1.24098e-11 -1.24074e-11 -1.24089e-11
  300.00 -5.28257  2.52305e-05  2.52305e-05  2.52305e-05  1.61436e-10  1.61430e-10  1.61451e-10
  300.00 -5.25852  1.56845e-05  1.56845e-05  1.56845e-05  8.71713e-10  8.71703e-10  8.71699e-10
  300.00 -5.23447 -3.53579e-06 -3.53580e-06 -3.53580e-06 -1.85322e-09 -1.85320e-09 -1.85321e-09
  300.00 -5.21042 -2.75671e-05 -2.75671e-05 -2.75671e-05  8.91146e-10  8.91142e-10  8.91118e-10
  300.00 -5.18637 -3.83524e-05 -3.83524e-05 -3.83524e-05  1.56652e-09  1.56651e-09  1.56650e-09
  300.00 -5.16232 -2.48600e-05 -2.48600e-05 -2.48600e-05 -5.89563e-11 -5.89652e-11 -5.89600e-11
  300.00 -5.13828 -2.48720e-06 -2.48720e-06 -2.48720e-06 -5.40058e-10 -5.40056e-10 -5.40055e-10
  300.00 -5.11423  1.89176e-05  1.89176e-05  1.89176e-05 -4.44877e-10 -4.44863e-10 -4.44862e-10
  300.00 -5.09018  3.08670e-05  3.08670e-05  3.08670e-05 -1.06963e-11 -1.06956e-11 -1.06931e-11
  300.00 -5.06613  1.44067e-05  1.44067e-05  1.44067e-05  4.77962e-10  4.77988e-10  4.77966e-10
  300.00 -5.04208 -1.50270e-05 -1.50270e-05 -1.50270e-05  1.85498e-09  1.85500e-09  1.85498e-09
  300.00 -5.01804 -2.21712e-05 -2.21712e-05 -2.21712e-05  4.82364e-10  4.82334e-10  4.82357e-10
  300.00 -4.99399 -1.38847e-05 -1.38847e-05 -1.38847e-05 -5.73451e-10 -5.73465e-10 -5.73451e-10
  300.00 -4.96994 -3.81928e-06 -3.81929e-06 -3.81927e-06 -5.30948e-11 -5.30910e-11 -5.30914e-11
  300.00 -4.94589  8.08840e-07  8.08838e-07  8.08865e-07  3.89372e-10  3.89390e-10  3.89383e-10
  300.00 -4.92184 -1.16225e-06 -1.16226e-06 -1.16219e-06  6.63144e-10  6.63164e-10  6.63159e-10
  300.00 -4.89780  4.79926e-06  4.79925e-06  4.79940e-06  6.83204e-10  6.83190e-10  6.83196e-10
  300.00 -4.87375  1.58266e-05  1.58266e-05  1.58269e-05 -1.55104e-09 -1.55108e-09 -1.55107e-09
  300.00 -4.84970  1.08582e-05  1.08582e-05  1.08591e-05 -1.95662e-09 -1.95662e-09 -1.95662e-09
  300.00 -4.82565 -6.99786e-06 -6.99793e-06 -6.99586e-06  5.98101e-11  5.98173e-11  5.98139e-11
  300.00 -4.80160 -7.75770e-06 -7.75784e-06 -7.75345e-06  5.67800e-10  5.67784e-10  5.67789e-10
  300.00 -4.77756  1.13424e-05  1.13421e-05  1.13522e-05  3.78965e-09  3.78969e-09  3.78969e-09
  300.00 -4.75351  2.87915e-05  2.87907e-05  2.88165e-05  6.35557e-10  6.35600e-10  6.35607e-10
  300.00 -4.72946  2.46484e-05  2.46464e-05  2.47125e-05 -6.29150e-09 -6.29220e-09 -6.29218e-09
  300.00 -4.70541 -1.08517e-05 -1.08559e-05 -1.07146e-05 -4.43370e-09 -4.43510e-09 -4.43509e-09
  300.00 -4.68136 -4.59925e-05 -4.59995e-05 -4.57672e-05  2.01485e-09  2.01625e-09  2.01621e-09
  300.00 -4.65731 -5.00225e-05 -5.00328e-05 -4.96916e-05  1.03452e-09  1.03595e-09  1.03593e-09
  300.00 -4.63327 -3.30823e-05 -3.30972e-05 -3.26046e-05 -1.11801e-09 -1.12098e-09 -1.12090e-09
  300.00 -4.60922 -1.32468e-05 -1.32657e-05 -1.26371e-05  9.61913e-11  9.66698e-11  9.66437e-11
  300.00 -4.58517 -2.17748e-06 -2.19088e-06 -1.74574e-06  1.18563e-10  1.19517e-10  1.19490e-10
  300.00 -4.56112  3.88128e-06  3.88627e-06  3.72009e-06 -1.18573e-10 -1.19625e-10 -1.19592e-10
  300.00 -4.53707  1.04671e-05  1.04855e-05  9.87384e-06 -5.77756e-11 -5.81587e-11 -5.81446e-11
  300.00 -4.51303  1.34997e-05  1.35188e-05  1.28873e-05  4.11442e-10  4.12973e-10  4.12933e-10
  300.00 -4.48898  1.12068e-05  1.12202e-05  1.07778e-05  4.19569e-10  4.20302e-10  4.20278e-10
  300.00 -4.46493  1.03060e-05  1.03136e-05  1.00619e-05 -8.90984e-10 -8.91651e-10 -8.91635e-10
  300.00 -4.44088  8.13985e-06  8.14384e-06  8.01207e-06  4.95301e-12  4.95103e-12  4.94692e-12
  300.00 -4.41683  1.15878e-06  1.16073e-06  1.09621e-06  1.51628e-10  1.51645e-10  1.51642e-10
  300.00 -4.39279 -2.39265e-06 -2.39174e-06 -2.42137e-06 -4.69411e-11 -4.69417e-11 -4.69392e-11
  300.00 -4.36874 -8.17722e-06 -8.17681e-06 -8.19021e-06  2.68905e-11  2.68920e-11  2.68929e-11
  300.00 -4.34469 -2.15775e-05 -2.15773e-05 -2.15831e-05  2.18848e-10  2.18854e-10  2.18857e-10
  300.00 -4.32064 -3.33823e-05 -3.33823e-05 -3.33846e-05  6.52333e-11  6.52339e-11  6.52259e-11
  300.00 -4.29659 -3.73906e-05 -3.73906e-05 -3.73915e-05 -1.42652e-10 -1.42651e-10 -1.42656e-10
  300.00 -4.27255 -3.22643e-05 -3.22643e-05 -3.22646e-05 -1.03839e-10 -1.03840e-10 -1.03834e-10
  300.00 -4.24850 -1.85489e-05 -1.85489e-05 -1.85490e-05 -1.42639e-11 -1.42681e-11 -1.42629e-11
  300.00 -4.22445 -1.40986e-06 -1.40985e-06 -1.40990e-06  2.06078e-10  2.06073e-10  2.06068e-10
  300.00 -4.20040  1.08293e-05  1.08293e-05  1.08292e-05  4.89698e-10  4.89697e-10  4.89690e-10
  300.00 -4.17635  1.55004e-05  1.55004e-05  1.55003e-05  7.74635e-10  7.74649e-10  7.74649e-10
  300.00 -4.15230  1.97391e-05  1.97391e-05  1.97391e-05  5.53292e-10  5.53316e-10  5.53327e-10
  300.00 -4.12826  2.54321e-05  2.54321e-05  2.54321e-05 -9.87678e-10 -9.87681e-10 -9.87672e-10
  300.00 -4.10421  2.27036e-05  2.27036e-05  2.27036e-05 -2.92483e-09 -2.92487e-09 -2.92488e-09
  300.00 -4.08016  9.95761e-06  9.95761e-06  9.95761e-06  7.06212e-10  7.06207e-10  7.06195e-10
  300.00 -4.05611 -9.61653e-06 -9.61654e-06 -9.61654e-06  3.87501e-09  3.87501e-09  3.87501e-09
  300.00 -4.03206 -2.98795e-05 -2.98795e-05 -2.98795e-05 -1.09730e-09 -1.09733e-09 -1.09732e-09
  300.00 -4.00802 -3.22050e-05 -3.22050e-05 -3.22050e-05 -1.27409e-09 -1.27409e-09 -1.27409e-09
  300.00 -3.98397 -1.60202e-05 -1.60202e-05 -1.60202e-05 -4.45690e-11 -4.45651e-11 -4.45627e-11
  300.00 -3.95992 -1.44346e-06 -1.44350e-06 -1.44352e-06  9.08265e-11  9.08005e-11  9.08100e-11
  300.00 -3.93587  1.90950e-06  1.90943e-06  1.90937e-06  2.15042e-10  2.14933e-10  2.14980e-10
  300.00 -3.91182  2.92216e-06  2.92204e-06  2.92194e-06  2.83484e-11  2.81563e-11  2.82613e-11
  300.00 -3.88778  1.62321e-06  1.62304e-06  1.62288e-06 -1.94837e-10 -1.95076e-10 -1.94858e-10
  300.00 -3.86373 -6.86022e-06 -6.86036e-06 -6.86053e-06 -7.74715e-10 -7.74459e-10 -7.74406e-10
  300.00 -3.83968 -1.49964e-05 -1.49965e-05 -1.49966e-05  7.76106e-10  7.77565e-10  7.75903e-10
  300.00 -3.81563 -1.51848e-05 -1.51847e-05 -1.51849e-05  2.58816e-09  2.59113e-09  2.58810e-09
  300.00 -3.79158 -4.17133e-06 -4.17133e-06 -4.17149e-06 -1.57497e-09 -1.57125e-09 -1.57054e-09
  300.00 -3.76754  1.17959e-05  1.17958e-05  1.17956e-05 -1.86228e-09 -1.86577e-09 -1.86242e-09
  300.00 -3.74349  1.83343e-05  1.83340e-05  1.83337e-05  1.69137e-09  1.67439e-09  1.67589e-09
  300.00 -3.71944  5.87907e-06  5.87868e-06  5.87868e-06  2.99219e-10  2.92928e-10  2.92445e-10
  300.00 -3.69539 -9.90394e-06 -9.90427e-06 -9.90380e-06 -8.89600e-10 -8.77224e-10 -8.78959e-10
  300.00 -3.67134 -1.48432e-05 -1.48438e-05 -1.48432e-05 -1.71063e-10 -1.64950e-10 -1.65355e-10
  300.00 -3.64729 -1.99076e-05 -1.99085e-05 -1.99082e-05  5.49431e-12  5.73728e-12  6.02166e-12
  300.00 -3.62325 -2.32756e-05 -2.32764e-05 -2.32764e-05  2.54025e-12  2.33458e-12  2.48897e-12
  300.00 -3.59920 -1.58724e-05 -1.58725e-05 -1.58726e-05 -7.44289e-11 -7.38768e-11 -7.48671e-11
  300.00 -3.57515  5.27092e-07  5.27772e-07  5.27798e-07  7.15541e-10  7.17635e-10  7.15641e-10
  300.00 -3.55110  1.56559e-05  1.56567e-05  1.56569e-05  8.43425e-10  8.43652e-10  8.41868e-10
  300.00 -3.52705  1.60765e-05  1.60772e-05  1.60774e-05 -1.07156e-09 -1.07277e-09 -1.07225e-09
  300.00 -3.50301  3.21433e-06  3.21492e-06  3.21488e-06 -3.57429e-10 -3.58314e-10 -3.56494e-10
  300.00 -3.47896 -2.53405e-06 -2.53364e-06 -2.53376e-06  1.91068e-10  1.91160e-10  1.90708e-10
  300.00 -3.45491  6.97323e-06  6.97345e-06  6.97337e-06  3.42429e-10  3.42027e-10  3.43406e-10
  300.00 -3.43086  1.49405e-05  1.49407e-05  1.49407e-05 -9.08313e-10 -9.09230e-10 -9.06662e-10
  300.00 -3.40681  6.34758e-06  6.34776e-06  6.34778e-06 -2.04941e-10 -2.05253e-10 -2.04626e-10
  300.00 -3.38277 -4.75865e-06 -4.75851e-06 -4.75846e-06  7.28167e-12  7.28330e-12  7.29002e-12
  300.00 -3.35872 -2.16639e-06 -2.16632e-06 -2.16628e-06 -4.18244e-11 -4.18930e-11 -4.17603e-11
  300.00 -3.33467  9.36790e-06  9.36794e-06  9.36797e-06 -5.04182e-10 -5.04234e-10 -5.04168e-10
  300.00 -3.31062  1.23819e-05  1.23819e-05  1.23819e-05  3.35705e-09  3.35704e-09  3.35701e-09
  300.00 -3.28657 -5.00855e-06 -5.00854e-06 -5.00853e-06  7.15327e-09  7.15325e-09  7.15322e-09
  300.00 -3.26253 -2.56041e-05 -2.56041e-05 -2.56040e-05 -2.71157e-09 -2.71153e-09 -2.71156e-09
  300.00 -3.23848 -2.09050e-05 -2.09050e-05 -2.09050e-05 -6.41996e-09 -6.41990e-09 -6.41994e-09
  300.00 -3.21443 -1.17469e-06 -1.17470e-06 -1.17469e-06  2.35662e-09  2.35662e-09  2.35662e-09
  300.00 -3.19038  1.13326e-05  1.13326e-05  1.13326e-05 -1.00337e-09 -1.00338e-09 -1.00338e-09
  300.00 -3.16633  1.09247e-05  1.09247e-05  1.09247e-05  4.31809e-10  4.31826e-10  4.31822e-10
  300.00 -3.14228  5.61343e-06  5.61343e-06  5.61343e-06 -5.40163e-10 -5.40177e-10 -5.40176e-10
  300.00 -3.11824  3.75161e-06  3.75161e-06  3.75161e-06  6.56751e-10  6.56752e-10  6.56758e-10
  300.00 -3.09419  3.97810e-06  3.97809e-06  3.97810e-06  1.27291e-09  1.27294e-09  1.27293e-09
  300.00 -3.07014 -3.71773e-06 -3.71774e-06 -3.71774e-06  1.22575e-09  1.22578e-09  1.22577e-09
  300.00 -3.04609 -2.04882e-05 -2.04882e-05 -2.04882e-05  2.75236e-09  2.75241e-09  2.75240e-09
  300.00 -3.02204 -3.10627e-05 -3.10627e-05 -3.10627e-05  3.12519e-09  3.12522e-09  3.12521e-09
  300.00 -2.99800 -2.49178e-05 -2.49178e-05 -2.49178e-05 -9.53259e-11 -9.53570e-11 -9.53696e-11
  300.00 -2.97395 -3.34009e-06 -3.34009e-06 -3.34009e-06 -2.97151e-09 -2.97157e-09 -2.97157e-09
  300.00 -2.94990  1.78511e-05  1.78511e-05  1.78511e-05 -2.98653e-09 -2.98654e-09 -2.98652e-09
  300.00 -2.92585  2.30733e-05  2.30733e-05  2.30733e-05  5.26858e-10  5.26906e-10  5.26920e-10
  300.00 -2.90180  1.16103e-05  1.16103e-05  1.16103e-05  3.57308e-09  3.57310e-09  3.57310e-09
  300.00 -2.87776 -3.39899e-06 -3.39899e-06 -3.39899e-06  7.15937e-09  7.15936e-09  7.15937e-09
  300.00 -2.85371 -1.07445e-05 -1.07445e-05 -1.07445e-05  1.07507e-09  1.07505e-09  1.07505e-09
  300.00 -2.82966 -6.77882e-06 -6.77882e-06 -6.77882e-06 -6.71113e-09 -6.71113e-09 -6.71115e-09
  300.00 -2.80561  3.31277e-06  3.31277e-06  3.31277e-06 -1.94097e-09 -1.94097e-09 -1.94098e-09
  300.00 -2.78156  1.50722e-05  1.50722e-05  1.50722e-05 -6.99457e-11 -6.99462e-11 -6.99467e-11
  300.00 -2.75752  2.22235e-05  2.22235e-05  2.22235e-05  5.96092e-10  5.96103e-10  5.96096e-10
  300.00 -2.73347  9.28576e-06  9.28575e-06  9.28575e-06 -7.79527e-10 -7.79552e-10 -7.79538e-10
  300.00 -2.70942 -2.38174e-05 -2.38174e-05 -2.38174e-05 -5.79877e-10 -5.79882e-10 -5.79880e-10
  300.00 -2.68537 -3.96242e-05 -3.96242e-05 -3.96242e-05 -1.80610e-10 -1.80611e-10 -1.80608e-10
  300.00 -2.66132 -2.48114e-05 -2.48114e-05 -2.48114e-05  1.13776e-09  1.13776e-09  1.13775e-09
  300.00 -2.63727 -1.44811e-07 -1.44809e-07 -1.44808e-07  1.27967e-09  1.27967e-09  1.27965e-09
  300.00 -2.61323  1.05263e-05  1.05263e-05  1.05263e-05 -1.98864e-09 -1.98864e-09 -1.98863e-09
  300.00 -2.58918  1.12355e-06  1.12355e-06  1.12355e-06 -6.41431e-10 -6.41429e-10 -6.41408e-10
  300.00 -2.56513 -1.03231e-05 -1.03231e-05 -1.03231e-05  6.73643e-11  6.73644e-11  6.73655e-11
  300.00 -2.54108 -5.12732e-06 -5.12732e-06 -5.12732e-06  3.61605e-11  3.61597e-11  3.61608e-11
  300.00 -2.51703  1.08888e-05  1.08888e-05  1.08888e-05  1.70508e-10  1.70498e-10  1.70516e-10
  300.00 -2.49299  2.28120e-05  2.28120e-05  2.28120e-05  5.67066e-10  5.67046e-10  5.67075e-10
  300.00 -2.46894  2.53645e-05  2.53645e-05  2.53645e-05  3.58337e-10  3.58351e-10  3.58334e-10
  300.00 -2.44489  1.84811e-05  1.84811e-05  1.84811e-05 -8.34435e-10 -8.34417e-10 -8.34456e-10
  300.00 -2.42084  5.17296e-06  5.17296e-06  5.17296e-06 -2.97513e-10 -2.97510e-10 -2.97521e-10
  300.00 -2.39679 -1.51405e-06 -1.51405e-06 -1.51406e-06  2.38242e-10  2.38239e-10  2.38238e-10
  300.00 -2.37275 -4.58035e-06 -4.58035e-06 -4.58036e-06  1.74385e-10  1.74395e-10  1.74401e-10
  300.00 -2.34870 -1.23136e-05 -1.23135e-05 -1.23136e-05 -6.08426e-10 -6.08415e-10 -6.08423e-10
  300.00 -2.32465 -1.58694e-05 -1.58694e-05 -1.58694e-05 -5.10082e-10 -5.10085e-10 -5.10093e-10
  300.00 -2.30060 -1.13302e-05 -1.13302e-05 -1.13302e-05  4.12266e-12  4.11387e-12  4.12544e-12
  300.00 -2.27655  1.42024e-06  1.42025e-06  1.42025e-06  1.71537e-09  1.71537e-09  1.71538e-09
  300.00 -2.25251  8.00906e-06  8.00906e-06  8.00906e-06  1.04214e-09  1.04216e-09  1.04213e-09
  300.00 -2.22846 -5.23311e-06 -5.23311e-06 -5.23311e-06 -2.07498e-09 -2.07498e-09 -2.07498e-09
  300.00 -2.20441 -1.63081e-05 -1.63081e-05 -1.63081e-05 -7.33392e-10 -7.33397e-10 -7.33390e-10
  300.00 -2.18036 -8.44000e-06 -8.44001e-06 -8.44001e-06  5.75117e-11  5.75115e-11  5.75125e-11
  300.00 -2.15631  2.93762e-06  2.93762e-06  2.93762e-06  4.05126e-10  4.05129e-10  4.05119e-10
  300.00 -2.13226  2.62891e-06  2.62892e-06  2.62891e-06  2.76506e-09  2.76507e-09  2.76505e-09
  300.00 -2.10822 -7.97335e-07 -7.97332e-07 -7.97344e-07  1.11306e-09  1.11305e-09  1.11307e-09
  300.00 -2.08417 -1.48643e-06 -1.48643e-06 -1.48645e-06  1.17177e-09  1.17176e-09  1.17181e-09
  300.00 -2.06012 -8.86015e-06 -8.86015e-06 -8.86020e-06  7.34864e-10  7.34796e-10  7.34909e-10
  300.00 -2.03607 -1.35536e-05 -1.35536e-05 -1.35538e-05 -4.34071e-09 -4.34087e-09 -4.34066e-09
  300.00 -2.01202 -3.87093e-06 -3.87093e-06 -3.87118e-06 -1.22308e-09 -1.22310e-09 -1.22308e-09
  300.00 -1.98798  1.01744e-05  1.01744e-05  1.01738e-05  3.04799e-10  3.05024e-10  3.04685e-10
  300.00 -1.96393  1.91734e-05  1.91734e-05  1.91719e-05 -2.03256e-10 -2.03378e-10 -2.03194e-10
  300.00 -1.93988  2.07419e-05  2.07419e-05  2.07382e-05  3.18055e-09  3.17719e-09  3.18229e-09
  300.00 -1.91583  2.02414e-05  2.02414e-05  2.02325e-05  2.78188e-09  2.76825e-09  2.78888e-09
  300.00 -1.89178  2.26901e-05  2.26900e-05  2.26689e-05 -7.32046e-09 -7.34092e-09 -7.30975e-09
  300.00 -1.86774  1.77937e-05  1.77935e-05  1.77445e-05 -1.41077e-09 -1.38588e-09 -1.42429e-09
  300.00 -1.84369 -2.59068e-06 -2.59098e-06 -2.68912e-06  3.20768e-09  3.32040e-09  3.14954e-09
  300.00 -1.81964 -2.05985e-05 -2.05991e-05 -2.07577e-05  2.92274e-09  3.13841e-09  2.81734e-09
  300.00 -1.79559 -2.48649e-05 -2.48660e-05 -2.50771e-05  3.83329e-09  4.25727e-09  3.64980e-09
  300.00 -1.77154 -2.32975e-05 -2.32997e-05 -2.34933e-05 -5.52818e-09 -5.52856e-09 -5.41452e-09
  300.00 -1.74749 -1.44612e-05 -1.44649e-05 -1.45422e-05 -2.02051e-09 -2.74443e-09 -1.70651e-09
  300.00 -1.72345 -4.08352e-06 -4.09086e-06 -4.05851e-06  4.82902e-09  4.91690e-09  4.39014e-09
  300.00 -1.69940 -3.77672e-06 -3.79052e-06 -3.73888e-06 -6.11608e-09 -5.72831e-09 -6.11553e-09
  300.00 -1.67535 -9.27825e-06 -9.29094e-06 -9.22654e-06  5.72573e-09  5.21199e-09  6.87727e-09
  300.00 -1.65130 -1.40937e-05 -1.40938e-05 -1.39414e-05 -1.26263e-09 -1.24866e-09 -1.47528e-09
  300.00 -1.62725 -1.63146e-05 -1.63079e-05 -1.61095e-05 -1.91745e-09 -1.66247e-09 -2.50549e-09
  300.00 -1.60321 -1.66780e-05 -1.66780e-05 -1.65225e-05  6.44794e-10  6.34769e-10  6.69547e-10
  300.00 -1.57916 -1.31860e-05 -1.32015e-05 -1.31084e-05 -5.66255e-10 -6.07800e-10 -4.86356e-10
  300.00 -1.55511  1.54370e-06  1.50377e-06  1.55863e-06  1.58113e-09  1.56995e-09  1.53102e-09
  300.00 -1.53106  2.90447e-05  2.89572e-05  2.90041e-05  4.30650e-09  4.28567e-09  4.09243e-09
  300.00 -1.50701  5.74803e-05  5.72949e-05  5.73614e-05  4.75069e-09  4.68280e-09  4.22482e-09
  300.00 -1.48297  6.66115e-05  6.63269e-05  6.64182e-05 -1.29204e-08 -1.29295e-08 -1.30389e-08
  300.00 -1.45892  5.36495e-05  5.34900e-05  5.35410e-05 -1.84014e-08 -1.80550e-08 -1.64128e-08
  300.00 -1.43487  3.14442e-05  3.15768e-05  3.15386e-05  5.91300e-09  6.11091e-09  6.93816e-09
  300.00 -1.41082  1.13977e-05  1.16386e-05  1.15661e-05  1.25893e-09  1.20794e-09  9.52398e-10
  300.00 -1.38677  1.04119e-05  1.05842e-05  1.05297e-05 -4.69880e-10 -5.09157e-10 -6.92737e-10
  300.00 -1.36273  1.37202e-05  1.38176e-05  1.37806e-05 -5.73811e-10 -5.94986e-10 -6.91082e-10
  300.00 -1.33868  3.02051e-06  3.06157e-06  3.03092e-06 -3.29222e-10 -3.38769e-10 -3.80291e-10
  300.00 -1.31463 -1.51266e-05 -1.51334e-05 -1.51696e-05  1.94833e-10  1.86678e-10  1.55028e-10
  300.00 -1.29058 -3.53895e-05 -3.54417e-05 -3.54957e-05  7.63667e-10  7.41093e-10  6.57978e-10
  300.00 -1.26653 -4.96155e-05 -4.97130e-05 -4.97938e-05  4.51248e-10  4.11072e-10  2.67491e-10
  300.00 -1.24248 -5.47607e-05 -5.48970e-05 -5.50042e-05  9.31353e-11  4.61359e-11 -1.10975e-10
  300.00 -1.21844 -5.08710e-05 -5.10132e-05 -5.11235e-05 -1.28727e-10 -1.68131e-10 -2.78606e-10
  300.00 -1.19439 -3.51470e-05 -3.52336e-05 -3.53005e-05 -3.84879e-10 -3.68631e-10 -2.70258e-10
  300.00 -1.17034 -1.58057e-05 -1.57732e-05 -1.57481e-05 -7.05128e-11 -2.79254e-11  1.30679e-10
  300.00 -1.14629 -4.62100e-06 -4.47553e-06 -4.36344e-06  4.30124e-12 -1.23074e-12 -5.35529e-11
  300.00 -1.12224 -3.15071e-06 -2.98739e-06 -2.86161e-06  1.18039e-11 -1.25997e-11 -1.24798e-10
  300.00 -1.09820 -7.20202e-06 -7.08736e-06 -6.99932e-06  5.88549e-10  5.85802e-10  5.69227e-10
  300.00 -1.07415 -7.75188e-06 -7.68987e-06 -7.64300e-06  1.38906e-09  1.39501e-09  1.41640e-09
  300.00 -1.05010  1.72117e-06  1.75128e-06  1.77230e-06  2.96554e-09  2.97487e-09  3.01093e-09
  300.00 -1.02605  1.60574e-05  1.60730e-05  1.60796e-05  2.30755e-09  2.31680e-09  2.35519e-09
  300.00 -1.00200  2.20283e-05  2.20385e-05  2.20334e-05 -9.99496e-11 -9.23915e-11 -5.40357e-11
  300.00 -0.97796  1.91042e-05  1.91148e-05  1.90931e-05 -7.99835e-09 -7.99053e-09 -7.94065e-09
  300.00 -0.95391  2.37304e-05  2.37478e-05  2.36949e-05 -1.23793e-08 -1.23788e-08 -1.23973e-08
  300.00 -0.92986  4.11968e-05  4.12339e-05  4.11091e-05  4.07986e-08  4.07350e-08  4.02659e-08
  300.00 -0.90581  5.45150e-05  5.45994e-05  5.43088e-05  2.55815e-08  2.54139e-08  2.40567e-08
  300.00 -0.88176  4.20791e-05  4.22255e-05  4.17192e-05 -5.13938e-08 -5.13822e-08 -5.25533e-08
  300.00 -0.85772  1.63198e-06  1.73033e-06  1.39297e-06 -5.06088e-08 -5.02206e-08 -4.87857e-08
  300.00 -0.83367 -3.14749e-05 -3.15384e-05 -3.13195e-05 -1.22949e-08 -1.20031e-08 -9.79867e-09
  300.00 -0.80962 -2.95666e-05 -2.96818e-05 -2.92862e-05  1.73614e-09  1.78651e-09  2.29432e-09
  300.00 -0.78557 -6.29974e-06 -6.38554e-06 -6.09063e-06  1.11482e-10  9.79230e-11 -5.04423e-11
  300.00 -0.76152  9.78996e-06  9.73405e-06  9.92590e-06 -2.51530e-10 -2.60224e-10 -3.52634e-10
  300.00 -0.73747  6.11603e-06  6.08211e-06  6.19737e-06  3.58124e-10  3.60843e-10  3.88697e-10
  300.00 -0.71343 -8.08465e-07 -8.26969e-07 -7.66726e-07 -4.61911e-10 -4.59440e-10 -4.34660e-10
  300.00 -0.68938 -3.64826e-06 -3.65947e-06 -3.62859e-06  4.24612e-10  4.24974e-10  4.21471e-10
  300.00 -0.66533 -1.10933e-05 -1.11035e-05 -1.10847e-05  2.81218e-10  2.81993e-10  2.64228e-10
  300.00 -0.64128 -1.61999e-05 -1.62143e-05 -1.61971e-05 -4.06261e-10 -4.05516e-10 -4.15942e-10
  300.00 -0.61723 -1.74932e-05 -1.75183e-05 -1.74937e-05 -7.44707e-12 -8.11252e-12 -1.59748e-12
  300.00 -0.59319 -2.27706e-05 -2.28123e-05 -2.27735e-05 -6.74952e-13  1.22366e-15 -3.17839e-12
  300.00 -0.56914 -2.46140e-05 -2.46718e-05 -2.46187e-05  1.53310e-11  1.96259e-11 -1.03744e-11
  300.00 -0.54509 -1.71703e-05 -1.72298e-05 -1.71754e-05  1.74275e-10  1.96303e-10  1.51755e-11
  300.00 -0.52104 -6.56487e-06 -6.59017e-06 -6.56708e-06  2.62905e-09  2.69882e-09  2.09906e-09
  300.00 -0.49699  3.20751e-06  3.24056e-06  3.21038e-06  1.01114e-08  1.01780e-08  9.63285e-09
  300.00 -0.47295  5.68724e-06  5.75371e-06  5.69315e-06  9.53114e-09  9.49952e-09  9.81149e-09
  300.00 -0.44890  2.97665e-06  3.03440e-06  2.98206e-06 -2.40705e-09 -2.46812e-09 -1.92545e-09
  300.00 -0.42485  8.99352e-06  9.02818e-06  8.99734e-06 -1.75152e-09 -1.77964e-09 -1.51714e-09
  300.00 -0.40080  2.02038e-05  2.02224e-05  2.02073e-05  3.34549e-09  3.33641e-09  3.45899e-09
  300.00 -0.37675  2.30038e-05  2.30133e-05  2.30091e-05 -1.25963e-09 -1.24931e-09 -1.22151e-09
  300.00 -0.35271  1.00121e-05  1.00156e-05  1.00221e-05 -1.92413e-08 -1.92100e-08 -1.92950e-08
  300.00 -0.32866 -2.23824e-06 -2.23925e-06 -2.22008e-06 -1.40462e-08 -1.40288e-08 -1.40870e-08
  300.00 -0.30461 -7.72007e-07 -7.76897e-07 -7.41337e-07 -5.67838e-09 -5.72837e-09 -5.53305e-09
  300.00 -0.28056  2.68815e-06  2.68016e-06  2.73163e-06  1.07026e-08  1.04270e-08  1.15100e-08
  300.00 -0.25651  1.01379e-06  1.00722e-06  1.04884e-06  8.52552e-09  8.26571e-09  9.30143e-09
  300.00 -0.23246 -5.49909e-07 -5.48734e-07 -5.54902e-07 -5.89361e-09 -5.76396e-09 -6.27271e-09
  300.00 -0.20842 -1.73275e-06 -1.72472e-06 -1.77234e-06 -2.78079e-09 -2.62791e-09 -3.23386e-09
  300.00 -0.18437 -4.28669e-06 -4.27803e-06 -4.32826e-06 -1.29155e-09 -1.18428e-09 -1.59419e-09
  300.00 -0.16032 -1.57866e-06 -1.57241e-06 -1.60528e-06 -3.59024e-09 -3.51247e-09 -3.79849e-09
  300.00 -0.13627  4.87540e-06  4.88009e-06  4.86176e-06 -5.82609e-10 -5.66856e-10 -6.54779e-10
  300.00 -0.11222  1.53510e-06  1.53954e-06  1.52947e-06  1.90531e-10  1.76971e-10  1.76274e-10
  300.00 -0.08818 -1.20802e-05 -1.20766e-05 -1.20817e-05 -1.64932e-11 -2.99056e-12  8.64756e-11
  300.00 -0.06413 -1.11578e-05 -1.11565e-05 -1.11586e-05  3.48283e-09  3.50837e-09  3.62389e-09
  300.00 -0.04008  5.87303e-06  5.87181e-06  5.87122e-06  1.32002e-09  1.32036e-09  1.31036e-09
  300.00 -0.01603  2.58624e-05  2.58600e-05  2.58601e-05 -1.77629e-09 -1.79332e-09 -1.88822e-09
  300.00  0.00802  4.51392e-05  4.51370e-05  4.51372e-05 -2.51443e-09 -2.52908e-09 -2.60871e-09
  300.00  0.03206  5.82971e-05  5.82954e-05  5.82956e-05 -1.53083e-09 -1.53834e-09 -1.57898e-09
  300.00  0.05611  6.54157e-05  6.54146e-05  6.54148e-05 -8.16217e-10 -8.19818e-10 -8.39267e-10
  300.00  0.08016  7.38765e-05  7.38758e-05  7.38759e-05 -4.31998e-10 -4.34202e-10 -4.46061e-10
  300.00  0.10421  6.81866e-05  6.81861e-05  6.81862e-05 -9.50741e-10 -9.52548e-10 -9.62272e-10
  300.00  0.12826  2.21351e-05  2.21348e-05  2.21349e-05 -1.28882e-09 -1.28970e-09 -1.29447e-09
  300.00  0.15230 -2.52933e-05 -2.52934e-05 -2.52934e-05 -4.27496e-10 -4.27717e-10 -4.28930e-10
  300.00  0.17635 -4.04426e-05 -4.04426e-05 -4.04426e-05 -1.12720e-10 -1.12784e-10 -1.13118e-10
  300.00  0.20040 -3.75580e-05 -3.75581e-05 -3.75581e-05 -1.02694e-10 -1.02717e-10 -1.02791e-10
  300.00  0.22445 -2.93528e-05 -2.93528e-05 -2.93528e-05 -1.63358e-11 -1.63357e-11 -1.63286e-11
  300.00  0.24850 -3.40459e-05 -3.40459e-05 -3.40459e-05  1.83877e-09  1.83873e-09  1.83873e-09
  300.00  0.27255 -4.32696e-05 -4.32696e-05 -4.32696e-05  9.11491e-09  9.11488e-09  9.11485e-09
  300.00  0.29659 -3.90771e-05 -3.90772e-05 -3.90772e-05 -6.45475e-09 -6.45470e-09 -6.45470e-09
  300.00  0.32064 -2.17488e-05 -2.17488e-05 -2.17488e-05 -4.91963e-09 -4.91964e-09 -4.91966e-09
  300.00  0.34469 -6.41801e-06 -6.41801e-06 -6.41801e-06  1.19548e-08  1.19547e-08  1.19547e-08
  300.00  0.36874 -1.49764e-05 -1.49764e-05 -1.49764e-05  1.30884e-08  1.30885e-08  1.30884e-08
  300.00  0.39279 -3.63652e-05 -3.63652e-05 -3.63652e-05  2.97203e-09  2.97206e-09  2.97210e-09
  300.00  0.41683 -4.00014e-05 -4.00014e-05 -4.00014e-05 -7.72193e-09 -7.72196e-09 -7.72192e-09
  300.00  0.44088 -2.82158e-05 -2.82157e-05 -2.82157e-05 -3.74224e-09 -3.74224e-09 -3.74224e-09
  300.00  0.46493 -1.93323e-05 -1.93323e-05 -1.93323e-05 -8.60735e-10 -8.60738e-10 -8.60740e-10
  300.00  0.48898 -1.12580e-05 -1.12580e-05 -1.12580e-05 -1.44985e-09 -1.44985e-09 -1.44986e-09
  300.00  0.51303  3.84907e-06  3.84906e-06  3.84906e-06 -1.37075e-09 -1.37075e-09 -1.37077e-09
  300.00  0.53707  1.87041e-05  1.87041e-05  1.87041e-05  1.15512e-08  1.15513e-08  1.15513e-08
  300.00  0.56112  3.08055e-05  3.08055e-05  3.08055e-05  5.60422e-08  5.60424e-08  5.60423e-08
  300.00  0.58517  4.49981e-05  4.49981e-05  4.49981e-05 -1.14933e-08 -1.14935e-08 -1.14934e-08
  300.00  0.60922  5.84992e-05  5.84992e-05  5.84992e-05 -1.11218e-07 -1.11218e-07 -1.11218e-07
  300.00  0.63327  6.88342e-05  6.88342e-05  6.88342e-05 -1.25348e-08 -1.25346e-08 -1.25346e-08
  300.00  0.65731  7.95483e-05  7.95483e-05  7.95483e-05  2.75989e-08  2.75990e-08  2.75990e-08
  300.00  0.68136  8.50074e-05  8.50074e-05  8.50074e-05 -4.26112e-10 -4.26147e-10 -4.26189e-10
  300.00  0.70541  6.69747e-05  6.69747e-05  6.69747e-05  7.24183e-09  7.24184e-09  7.24179e-09
  300.00  0.72946  2.03261e-05  2.03261e-05  2.03261e-05  5.35032e-08  5.35033e-08  5.35032e-08
  300.00  0.75351 -2.49441e-05 -2.49441e-05 -2.49441e-05  1.79586e-08  1.79587e-08  1.79586e-08
  300.00  0.77756 -2.48134e-05 -2.48134e-05 -2.48133e-05 -6.66923e-08 -6.66925e-08 -6.66924e-08
  300.00  0.80160  1.47232e-05  1.47232e-05  1.47233e-05 -9.03058e-09 -9.03068e-09 -9.03064e-09
  300.00  0.82565  6.56154e-05  6.56154e-05  6.56154e-05  1.31464e-08  1.31465e-08  1.31464e-08
  300.00  0.84970  9.41585e-05  9.41585e-05  9.41585e-05 -5.95726e-09 -5.95732e-09 -5.95731e-09
  300.00  0.87375  3.24454e-05  3.24455e-05  3.24454e-05 -4.52023e-09 -4.52030e-09 -4.52028e-09
  300.00  0.89780 -8.90527e-05 -8.90527e-05 -8.90527e-05  4.03718e-09  4.03709e-09  4.03705e-09
  300.00  0.92184 -1.25599e-04 -1.25599e-04 -1.25599e-04  2.43954e-08  2.43955e-08  2.43952e-08
  300.00  0.94589 -1.06612e-04 -1.06612e-04 -1.06612e-04 -4.42544e-09 -4.42536e-09 -4.42541e-09
  300.00  0.96994 -7.38863e-05 -7.38863e-05 -7.38863e-05 -1.45874e-08 -1.45875e-08 -1.45873e-08
  300.00  0.99399 -4.42275e-05 -4.42275e-05 -4.42275e-05  2.15238e-08  2.15238e-08  2.15238e-08
  300.00  1.01804 -3.02786e-05 -3.02786e-05 -3.02786e-05  2.28612e-08  2.28612e-08  2.28610e-08
  300.00  1.04208 -3.38743e-05 -3.38743e-05 -3.38743e-05  1.48608e-08  1.48607e-08  1.48607e-08
  300.00  1.06613 -4.91113e-05 -4.91113e-05 -4.91113e-05  2.13162e-08  2.13161e-08  2.13160e-08
  300.00  1.09018 -6.48552e-05 -6.48552e-05 -6.48552e-05  2.55237e-08  2.55238e-08  2.55237e-08
  300.00  1.11423 -6.73077e-05 -6.73077e-05 -6.73077e-05  2.15731e-08  2.15733e-08  2.15731e-08
  300.00  1.13828 -5.71264e-05 -5.71264e-05 -5.71264e-05  1.21636e-08  1.21637e-08  1.21635e-08
  300.00  1.16232 -3.84606e-05 -3.84606e-05 -3.84606e-05  2.95293e-09  2.95293e-09  2.95294e-09
  300.00  1.18637 -1.29244e-05 -1.29244e-05 -1.29244e-05 -1.03359e-08 -1.03360e-08 -1.03359e-08
  300.00  1.21042  1.61040e-05  1.61040e-05  1.61040e-05 -1.31472e-08 -1.31472e-08 -1.31472e-08
  300.00  1.23447  4.62015e-05  4.62015e-05  4.62015e-05 -9.31103e-10 -9.31111e-10 -9.31107e-10
  300.00  1.25852  6.96795e-05  6.96795e-05  6.96795e-05  1.83423e-08  1.83422e-08  1.83423e-08
  300.00  1.28257  7.45447e-05  7.45447e-05  7.45447e-05  4.60942e-08  4.60942e-08  4.60942e-08
  300.00  1.30661  5.79474e-05  5.79474e-05  5.79474e-05 -6.83519e-08 -6.83516e-08 -6.83518e-08
  300.00  1.33066  3.35963e-05  3.35963e-05  3.35963e-05 -1.22389e-07 -1.22389e-07 -1.22389e-07
  300.00  1.35471  2.50780e-05  2.50780e-05  2.50780e-05 -1.48217e-08 -1.48218e-08 -1.48220e-08
  300.00  1.37876  2.73208e-05  2.73208e-05  2.73207e-05  8.60571e-08  8.60568e-08  8.60567e-08
  300.00  1.40281  1.72111e-05  1.72111e-05  1.72111e-05  9.46166e-08  9.46163e-08  9.46165e-08
  300.00  1.42685 -2.72916e-06 -2.72916e-06 -2.72916e-06 -1.79472e-07 -1.79471e-07 -1.79471e-07
  300.00  1.45090  2.16046e-06  2.16046e-06  2.16046e-06 -5.30878e-08 -5.30873e-08 -5.30874e-08
  300.00  1.47495  3.68093e-05  3.68093e-05  3.68093e-05  3.58099e-07  3.58099e-07  3.58099e-07
  300.00  1.49900  7.73789e-05  7.73789e-05  7.73790e-05 -4.04901e-08 -4.04905e-08 -4.04903e-08
  300.00  1.52305  8.46070e-05  8.46070e-05  8.46070e-05 -1.15907e-06 -1.15907e-06 -1.15907e-06
  300.00  1.54709  3.48246e-06  3.48246e-06  3.48246e-06 -1.26299e-07 -1.26298e-07 -1.26299e-07
  300.00  1.57114 -8.68320e-05 -8.68320e-05 -8.68320e-05  1.63680e-06  1.63680e-06  1.63680e-06
  300.00  1.59519 -8.94064e-05 -8.94064e-05 -8.94064e-05  6.56040e-07  6.56040e-07  6.56040e-07
  300.00  1.61924 -5.47479e-05 -5.47479e-05 -5.47479e-05 -9.29901e-08 -9.29904e-08 -9.29898e-08
  300.00  1.64329 -2.23535e-05 -2.23535e-05 -2.23535e-05 -1.35501e-07 -1.35501e-07 -1.35501e-07
  300.00  1.66733 -3.57742e-06 -3.57742e-06 -3.57742e-06 -6.82653e-09 -6.82640e-09 -6.82660e-09
  300.00  1.69138  5.19214e-06  5.19214e-06  5.19214e-06  7.50417e-08  7.50419e-08  7.50417e-08
  300.00  1.71543  4.84185e-06  4.84184e-06  4.84185e-06 -2.93463e-07 -2.93463e-07 -2.93463e-07
  300.00  1.73948 -1.23483e-05 -1.23483e-05 -1.23483e-05 -2.49443e-07 -2.49443e-07 -2.49443e-07
  300.00  1.76353 -3.09273e-05 -3.09273e-05 -3.09273e-05  3.26368e-07  3.26368e-07  3.26367e-07
  300.00  1.78758 -3.77667e-05 -3.77667e-05 -3.77667e-05 -1.29089e-07 -1.29089e-07 -1.29089e-07
  300.00  1.81162 -3.97470e-05 -3.97470e-05 -3.97470e-05 -5.64881e-08 -5.64883e-08 -5.64879e-08
  300.00  1.83567 -3.79466e-05 -3.79466e-05 -3.79466e-05  7.14751e-08  7.14751e-08  7.14751e-08
  300.00  1.85972 -2.50017e-05 -2.50016e-05 -2.50017e-05  5.39837e-10  5.39848e-10  5.39772e-10
  300.00  1.88377  4.44015e-07  4.44016e-07  4.44011e-07 -1.16658e-08 -1.16658e-08 -1.16658e-08
  300.00  1.90782  2.15157e-05  2.15157e-05  2.15157e-05 -6.60465e-09 -6.60464e-09 -6.60463e-09
  300.00  1.93186  2.44143e-05  2.44143e-05  2.44143e-05 -9.53266e-09 -9.53264e-09 -9.53263e-09
  300.00  1.95591  1.36630e-05  1.36630e-05  1.36630e-05 -1.54375e-08 -1.54375e-08 -1.54375e-08
  300.00  1.97996 -1.10243e-06 -1.10244e-06 -1.10243e-06  5.08069e-09  5.08068e-09  5.08066e-09
  300.00  2.00401 -6.18978e-06 -6.18978e-06 -6.18977e-06  1.96088e-08  1.96089e-08  1.96088e-08
  300.00  2.02806  5.04538e-06  5.04537e-06  5.04538e-06 -5.28339e-09 -5.28339e-09 -5.28337e-09
  300.00  2.05210  1.27720e-05  1.27720e-05  1.27720e-05 -2.61342e-09 -2.61343e-09 -2.61341e-09
  300.00  2.07615 -4.32866e-06 -4.32866e-06 -4.32866e-06  1.61359e-08  1.61359e-08  1.61359e-08
  300.00  2.10020 -3.57752e-05 -3.57752e-05 -3.57752e-05  1.15087e-07  1.15086e-07  1.15086e-07
  300.00  2.12425 -3.67142e-05 -3.67142e-05 -3.67142e-05  6.91216e-08  6.91215e-08  6.91216e-08
  300.00  2.14830 -8.68812e-06 -8.68812e-06 -8.68813e-06 -9.91244e-09 -9.91232e-09 -9.91243e-09
  300.00  2.17234  2.76987e-05  2.76987e-05  2.76987e-05  1.08716e-08  1.08717e-08  1.08716e-08
  300.00  2.19639  6.55449e-05  6.55448e-05  6.55448e-05 -5.11802e-09 -5.11800e-09 -5.11807e-09
  300.00  2.22044  9.16045e-05  9.16045e-05  9.16045e-05 -2.78474e-07 -2.78475e-07 -2.78474e-07
  300.00  2.24449  6.33210e-05  6.33210e-05  6.33210e-05 -3.36183e-07 -3.36183e-07 -3.36182e-07
  300.00  2.26854 -1.32505e-05 -1.32505e-05 -1.32505e-05  1.18278e-07  1.18278e-07  1.18278e-07
  300.00  2.29259 -6.40567e-05 -6.40566e-05 -6.40566e-05  2.00910e-07  2.00910e-07  2.00909e-07
  300.00  2.31663 -8.35587e-05 -8.35587e-05 -8.35587e-05  2.45321e-08  2.45320e-08  2.45318e-08
  300.00  2.34068 -7.62177e-05 -7.62177e-05 -7.62177e-05 -9.00656e-08 -9.00657e-08 -9.00652e-08
  300.00  2.36473 -5.18747e-05 -5.18747e-05 -5.18747e-05  1.26228e-08  1.26228e-08  1.26228e-08
  300.00  2.38878 -2.60026e-05 -2.60026e-05 -2.60026e-05  1.52763e-08  1.52763e-08  1.52762e-08
  300.00  2.41283 -1.30792e-05 -1.30792e-05 -1.30792e-05 -1.29379e-08 -1.29379e-08 -1.29378e-08
  300.00  2.43687 -1.17999e-05 -1.17999e-05 -1.17999e-05 -8.73375e-09 -8.73378e-09 -8.73371e-09
  300.00  2.46092  4.23081e-07  4.23079e-07  4.23084e-07  1.25636e-08  1.25635e-08  1.25636e-08
  300.00  2.48497  3.36616e-05  3.36616e-05  3.36616e-05  4.26046e-08  4.26047e-08  4.26047e-08
  300.00  2.50902  7.50157e-05  7.50156e-05  7.50157e-05 -9.01514e-09 -9.01505e-09 -9.01513e-09
  300.00  2.53307  1.06104e-04  1.06104e-04  1.06104e-04 -8.58142e-08 -8.58142e-08 -8.58144e-08
  300.00  2.55711  1.10097e-04  1.10097e-04  1.10097e-04 -6.73964e-08 -6.73965e-08 -6.73966e-08
  300.00  2.58116  7.38937e-05  7.38937e-05  7.38937e-05 -9.15327e-09 -9.15326e-09 -9.15337e-09
  300.00  2.60521  2.75433e-06  2.75433e-06  2.75432e-06  1.01848e-07  1.01849e-07  1.01848e-07
  300.00  2.62926 -4.99911e-05 -4.99911e-05 -4.99911e-05  1.47705e-07  1.47705e-07  1.47705e-07
  300.00  2.65331 -4.75492e-05 -4.75492e-05 -4.75492e-05 -6.11851e-08 -6.11852e-08 -6.11850e-08
  300.00  2.67735 -1.94126e-05 -1.94126e-05 -1.94126e-05 -1.39297e-07 -1.39297e-07 -1.39297e-07
  300.00  2.70140 -2.81349e-06 -2.81349e-06 -2.81349e-06  1.43290e-08  1.43291e-08  1.43291e-08
  300.00  2.72545 -1.26186e-05 -1.26186e-05 -1.26186e-05  1.27946e-07  1.27946e-07  1.27946e-07
  300.00  2.74950 -3.79866e-05 -3.79866e-05 -3.79866e-05  5.40934e-08  5.40932e-08  5.40934e-08
  300.00  2.77355 -4.46419e-05 -4.46419e-05 -4.46419e-05 -4.94489e-08 -4.94488e-08 -4.94489e-08
  300.00  2.79760 -1.80264e-05 -1.80264e-05 -1.80264e-05 -5.28227e-08 -5.28226e-08 -5.28227e-08
  300.00  2.82164  2.14679e-05  2.14679e-05  2.14679e-05  8.98450e-09  8.98439e-09  8.98444e-09
  300.00  2.84569  4.96468e-05  4.96468e-05  4.96468e-05  1.19877e-07  1.19877e-07  1.19877e-07
  300.00  2.86974  4.65533e-05  4.65533e-05  4.65533e-05  1.52341e-07  1.52341e-07  1.52342e-07
  300.00  2.89379  1.07886e-05  1.07886e-05  1.07886e-05 -8.45724e-08 -8.45720e-08 -8.45722e-08
  300.00  2.91784 -3.60360e-05 -3.60360e-05 -3.60360e-05 -1.46292e-07 -1.46292e-07 -1.46292e-07
  300.00  2.94188 -7.03070e-05 -7.03070e-05 -7.03070e-05 -7.38057e-08 -7.38057e-08 -7.38058e-08
  300.00  2.96593 -6.86258e-05 -6.86258e-05 -6.86258e-05 -1.86999e-08 -1.86999e-08 -1.86999e-08
  300.00  2.98998 -3.45290e-05 -3.45290e-05 -3.45290e-05 -2.83769e-09 -2.83768e-09 -2.83767e-09
  300.00  3.01403  4.63571e-06  4.63571e-06  4.63571e-06  1.85562e-09  1.85562e-09  1.85563e-09
  300.00  3.03808  2.35117e-05  2.35117e-05  2.35117e-05  7.28533e-10  7.28505e-10  7.28526e-10
  300.00  3.06212  2.00684e-05  2.00684e-05  2.00684e-05 -1.20274e-08 -1.20273e-08 -1.20274e-08
  300.00  3.08617  5.24710e-06  5.24710e-06  5.24710e-06  8.41276e-08  8.41276e-08  8.41276e-08
  300.00  3.11022 -1.86990e-05 -1.86990e-05 -1.86990e-05 -1.19681e-09 -1.19684e-09 -1.19673e-09
  300.00  3.13427 -3.21797e-05 -3.21797e-05 -3.21797e-05 -4.59468e-08 -4.59467e-08 -4.59467e-08
  300.00  3.15832 -1.94797e-05 -1.94797e-05 -1.94797e-05 -1.31043e-08 -1.31043e-08 -1.31043e-08
  300.00  3.18236  4.04590e-06  4.04589e-06  4.04590e-06 -1.13862e-08 -1.13862e-08 -1.13862e-08
  300.00  3.20641  1.76609e-05  1.76609e-05  1.76609e-05  1.30637e-07  1.30637e-07  1.30637e-07
  300.00  3.23046  9.15340e-06  9.15340e-06  9.15340e-06  4.34673e-07  4.34673e-07  4.34673e-07
  300.00  3.25451 -9.16183e-06 -9.16182e-06 -9.16182e-06 -2.69170e-07 -2.69170e-07 -2.69170e-07
  300.00  3.27856 -1.08857e-05 -1.08857e-05 -1.08857e-05 -3.80329e-07 -3.80329e-07 -3.80329e-07
  300.00  3.30261  3.82853e-06  3.82853e-06  3.82853e-06  1.50634e-07  1.50635e-07  1.50635e-07
  300.00  3.32665  1.65409e-05  1.65409e-05  1.65409e-05  2.69128e-07  2.69128e-07  2.69128e-07
  300.00  3.35070  1.96806e-05  1.96806e-05  1.96806e-05  3.91412e-07  3.91412e-07  3.91412e-07
  300.00  3.37475  2.09373e-05  2.09373e-05  2.09373e-05  5.30301e-07  5.30301e-07  5.30301e-07
  300.00  3.39880  3.68393e-05  3.68393e-05  3.68393e-05 -3.80065e-07 -3.80064e-07 -3.80065e-07
  300.00  3.42285  5.77215e-05  5.77215e-05  5.77215e-05 -1.30504e-06 -1.30504e-06 -1.30504e-06
  300.00  3.44689  4.68594e-05  4.68595e-05  4.68594e-05 -6.84462e-07 -6.84462e-07 -6.84462e-07
  300.00  3.47094  3.32920e-06  3.32920e-06  3.32920e-06 -5.37150e-08 -5.37152e-08 -5.37151e-08
  300.00  3.49499 -2.92187e-05 -2.92187e-05 -2.92187e-05  2.82558e-08  2.82557e-08  2.82557e-08
  300.00  3.51904 -3.72834e-05 -3.72834e-05 -3.72834e-05 -9.74658e-09 -9.74675e-09 -9.74663e-09
  300.00  3.54309 -2.70219e-05 -2.70219e-05 -2.70219e-05 -1.04745e-07 -1.04745e-07 -1.04745e-07
  300.00  3.56713 -1.06125e-05 -1.06125e-05 -1.06125e-05  6.74007e-08  6.74007e-08  6.74008e-08
  300.00  3.59118  2.87191e-06  2.87191e-06  2.87191e-06  1.74581e-07  1.74581e-07  1.74581e-07
  300.00  3.61523  1.66742e-05  1.66742e-05  1.66741e-05  1.10034e-07  1.10034e-07  1.10034e-07
  300.00  3.63928  1.84326e-05  1.84327e-05  1.84326e-05 -8.68046e-09 -8.68045e-09 -8.68041e-09
  300.00  3.66333 -5.30681e-07 -5.30678e-07 -5.30681e-07 -1.74533e-07 -1.74533e-07 -1.74533e-07
  300.00  3.68737 -2.28555e-05 -2.28555e-05 -2.28555e-05 -1.89154e-07 -1.89154e-07 -1.89155e-07
  300.00  3.71142 -4.51517e-05 -4.51517e-05 -4.51517e-05 -1.38244e-08 -1.38243e-08 -1.38244e-08
  300.00  3.73547 -4.35308e-05 -4.35308e-05 -4.35308e-05  6.48765e-10  6.48634e-10  6.48663e-10
  300.00  3.75952 -1.60154e-05 -1.60154e-05 -1.60154e-05  1.65269e-07  1.65269e-07  1.65269e-07
  300.00  3.78357  1.58173e-05  1.58173e-05  1.58173e-05  1.93030e-07  1.93031e-07  1.93030e-07
  300.00  3.80762  3.92506e-05  3.92506e-05  3.92506e-05 -2.70701e-07 -2.70701e-07 -2.70701e-07
  300.00  3.83166  4.90591e-05  4.90591e-05  4.90591e-05 -4.39935e-07 -4.39936e-07 -4.39935e-07
  300.00  3.85571  4.20462e-05  4.20462e-05  4.20462e-05  1.85231e-07  1.85230e-07  1.85230e-07
  300.00  3.87976 -2.73402e-06 -2.73403e-06 -2.73404e-06  3.78653e-07  3.78652e-07  3.78652e-07
  300.00  3.90381 -6.44972e-05 -6.44972e-05 -6.44972e-05  2.91774e-07  2.91773e-07  2.91774e-07
  300.00  3.92786 -6.74849e-05 -6.74849e-05 -6.74849e-05  2.63328e-07  2.63328e-07  2.63328e-07
  300.00  3.95190 -2.80377e-05 -2.80377e-05 -2.80377e-05  8.67991e-08  8.67994e-08  8.67992e-08
  300.00  3.97595  2.03233e-05  2.03233e-05  2.03233e-05 -1.82211e-07 -1.82211e-07 -1.82211e-07
  300.00  4.00000  6.12701e-05  6.12701e-05  6.12701e-05 -3.45703e-07 -3.45703e-07 -3.45703e-07
