  300.00 -8.00000  1.57679e+20  1.57679e+20  1.57679e+20 -4.81457e+18 -4.81457e+18  4.81457e+18
  300.00 -7.97595  1.56471e+20  1.56471e+20  1.56471e+20 -4.27066e+18 -4.27066e+18  4.27066e+18
  300.00 -7.95190  1.55242e+20  1.55242e+20  1.55242e+20 -3.74204e+18 -3.74204e+18  3.74204e+18
  300.00 -7.92786  1.54318e+20  1.54318e+20  1.54318e+20 -3.24433e+18 -3.24433e+18  3.24433e+18
  300.00 -7.90381  1.54029e+20  1.54029e+20  1.54029e+20 -2.77955e+18 -2.77955e+18  2.77955e+18
  300.00 -7.87976  1.54662e+20  1.54662e+20  1.54662e+20 -2.34149e+18 -2.34149e+18  2.34149e+18
  300.00 -7.85571  1.56428e+20  1.56428e+20  1.56428e+20 -1.92333e+18 -1.92333e+18  1.92333e+18
  300.00 -7.83166  1.59423e+20  1.59423e+20  1.59423e+20 -1.52491e+18 -1.52491e+18  1.52491e+18
  300.00 -7.80762  1.63605e+20  1.63605e+20  1.63605e+20 -1.15736e+18 -1.15736e+18  1.15736e+18
  300.00 -7.78357  1.68790e+20  1.68790e+20  1.68790e+20 -8.43398e+17 -8.43396e+17  8.43397e+17
  300.00 -7.75952  1.74658e+20  1.74658e+20  1.74658e+20 -6.12893e+17 -6.12891e+17  6.12892e+17
  300.00 -7.73547  1.80788e+20  1.80788e+20  1.80788e+20 -4.95316e+17 -4.95313e+17  4.95315e+17
  300.00 -7.71142  1.86703e+20  1.86703e+20  1.86703e+20 -5.11335e+17 -5.11333e+17  5.11335e+17
  300.00 -7.68737  1.91918e+20  1.91918e+20  1.91918e+20 -6.66060e+17 -6.66058e+17  6.66060e+17
  300.00 -7.66333  1.95989e+20  1.95989e+20  1.95989e+20 -9.45211e+17 -9.45209e+17  9.45211e+17
  300.00 -7.63928  1.98549e+20  1.98549e+20  1.98549e+20 -1.31413e+18 -1.31413e+18  1.31413e+18
  300.00 -7.61523  1.99356e+20  1.99356e+20  1.99356e+20 -1.71873e+18 -1.71873e+18  1.71873e+18
  300.00 -7.59118  1.98351e+20  1.98351e+20  1.98351e+20 -2.08847e+18 -2.08847e+18  2.08847e+18
  300.00 -7.56713  1.95736e+20  1.95736e+20  1.95736e+20 -2.34419e+18 -2.34419e+18  2.34419e+18
  300.00 -7.54309  1.92019e+20  1.92019e+20  1.92019e+20 -2.41563e+18 -2.41563e+18  2.41563e+18
  300.00 -7.51904  1.87988e+20  1.87988e+20  1.87988e+20 -2.26927e+18 -2.26927e+18  2.26927e+18
  300.00 -7.49499  1.84604e+20  1.84604e+20  1.84604e+20 -1.93440e+18 -1.93440e+18  1.93440e+18
  300.00 -7.47094  1.82855e+20  1.82855e+20  1.82855e+20 -1.50353e+18 -1.50353e+18  1.50353e+18
  300.00 -7.44689  1.83474e+20  1.83474e+20  1.83474e+20 -1.09952e+18 -1.09952e+18  1.09952e+18
  300.00 -7.42285  1.86379e+20  1.86379e+20  1.86379e+20 -8.07530e+17 -8.07533e+17  8.07530e+17
  300.00 -7.39880  1.90916e+20  1.90916e+20  1.90916e+20 -6.48067e+17 -6.48070e+17  6.48068e+17
  300.00 -7.37475  1.96302e+20  1.96302e+20  1.96302e+20 -4.27064e+17 -4.27067e+17  4.27065e+17
  300.00 -7.35070  2.03581e+20  2.03581e+20  2.03581e+20 -2.34434e+17 -2.34437e+17  2.34435e+17
  300.00 -7.32665  2.13150e+20  2.13150e+20  2.13150e+20  2.72275e+17  2.72272e+17 -2.72274e+17
  300.00 -7.30261  2.22333e+20  2.22333e+20  2.22333e+20  6.67873e+17  6.67870e+17 -6.67872e+17
  300.00 -7.27856  2.28478e+20  2.28478e+20  2.28478e+20  7.88227e+17  7.88225e+17 -7.88226e+17
  300.00 -7.25451  2.33894e+20  2.33894e+20  2.33894e+20  7.26810e+17  7.26808e+17 -7.26809e+17
  300.00 -7.23046  2.41804e+20  2.41804e+20  2.41804e+20  8.06444e+17  8.06442e+17 -8.06443e+17
  300.00 -7.20641  2.50976e+20  2.50976e+20  2.50976e+20  1.07398e+18  1.07398e+18 -1.07398e+18
  300.00 -7.18236  2.57378e+20  2.57378e+20  2.57378e+20  1.26348e+18  1.26348e+18 -1.26348e+18
  300.00 -7.15832  2.58982e+20  2.58982e+20  2.58982e+20  1.18151e+18  1.18150e+18 -1.18150e+18
  300.00 -7.13427  2.57162e+20  2.57162e+20  2.57162e+20  8.33902e+17  8.33898e+17 -8.33899e+17
  300.00 -7.11022  2.54831e+20  2.54831e+20  2.54831e+20  3.39527e+17  3.39524e+17 -3.39524e+17
  300.00 -7.08617  2.54490e+20  2.54490e+20  2.54490e+20 -1.29713e+17 -1.29716e+17  1.29716e+17
  300.00 -7.06212  2.57974e+20  2.57974e+20  2.57974e+20 -4.23937e+17 -4.23939e+17  4.23939e+17
  300.00 -7.03808  2.65616e+20  2.65616e+20  2.65616e+20 -4.65869e+17 -4.65871e+17  4.65870e+17
  300.00 -7.01403  2.74351e+20  2.74351e+20  2.74351e+20 -3.47200e+17 -3.47202e+17  3.47201e+17
  300.00 -6.98998  2.82389e+20  2.82389e+20  2.82389e+20 -2.19601e+17 -2.19603e+17  2.19601e+17
  300.00 -6.96593  2.88615e+20  2.88615e+20  2.88615e+20 -8.50847e+16 -8.50877e+16  8.50852e+16
  300.00 -6.94188  2.91199e+20  2.91199e+20  2.91199e+20  1.28922e+17  1.28919e+17 -1.28922e+17
  300.00 -6.91784  2.90529e+20  2.90529e+20  2.90529e+20  3.84513e+17  3.84510e+17 -3.84513e+17
  300.00 -6.89379  2.89520e+20  2.89520e+20  2.89520e+20  6.40951e+17  6.40948e+17 -6.40950e+17
  300.00 -6.86974  2.90483e+20  2.90483e+20  2.90483e+20  8.73510e+17  8.73508e+17 -8.73509e+17
  300.00 -6.84569  2.94418e+20  2.94418e+20  2.94418e+20  1.05827e+18  1.05827e+18 -1.05827e+18
  300.00 -6.82164  3.01917e+20  3.01917e+20  3.01917e+20  1.20103e+18  1.20103e+18 -1.20103e+18
  300.00 -6.79760  3.13633e+20  3.13633e+20  3.13633e+20  1.30571e+18  1.30571e+18 -1.30571e+18
  300.00 -6.77355  3.29753e+20  3.29753e+20  3.29753e+20  1.28538e+18  1.28538e+18 -1.28538e+18
  300.00 -6.74950  3.46623e+20  3.46623e+20  3.46623e+20  1.06949e+18  1.06949e+18 -1.06949e+18
  300.00 -6.72545  3.59309e+20  3.59309e+20  3.59309e+20  7.01453e+17  7.01452e+17 -7.01452e+17
  300.00 -6.70140  3.66579e+20  3.66579e+20  3.66579e+20  2.96432e+17  2.96431e+17 -2.96431e+17
  300.00 -6.67735  3.68486e+20  3.68486e+20  3.68486e+20  2.16336e+16  2.16321e+16 -2.16321e+16
  300.00 -6.65331  3.65243e+20  3.65243e+20  3.65243e+20 -8.86409e+16 -8.86430e+16  8.86420e+16
  300.00 -6.62926  3.58687e+20  3.58687e+20  3.58687e+20 -1.56422e+17 -1.56424e+17  1.56422e+17
  300.00 -6.60521  3.52856e+20  3.52856e+20  3.52856e+20 -3.00806e+17 -3.00807e+17  3.00805e+17
  300.00 -6.58116  3.50422e+20  3.50422e+20  3.50422e+20 -5.31650e+17 -5.31651e+17  5.31649e+17
  300.00 -6.55711  3.52148e+20  3.52148e+20  3.52148e+20 -8.35823e+17 -8.35823e+17  8.35822e+17
  300.00 -6.53307  3.59980e+20  3.59980e+20  3.59980e+20 -1.08557e+18 -1.08557e+18  1.08557e+18
  300.00 -6.50902  3.72411e+20  3.72411e+20  3.72411e+20 -1.13833e+18 -1.13833e+18  1.13833e+18
  300.00 -6.48497  3.86371e+20  3.86371e+20  3.86371e+20 -1.01115e+18 -1.01115e+18  1.01115e+18
  300.00 -6.46092  3.99906e+20  3.99906e+20  3.99906e+20 -7.74941e+17 -7.74939e+17  7.74940e+17
  300.00 -6.43687  4.10927e+20  4.10927e+20  4.10927e+20 -5.50892e+17 -5.50890e+17  5.50891e+17
  300.00 -6.41283  4.17700e+20  4.17700e+20  4.17700e+20 -3.27035e+17 -3.27033e+17  3.27034e+17
  300.00 -6.38878  4.20471e+20  4.20471e+20  4.20471e+20  8.93081e+16  8.93104e+16 -8.93092e+16
  300.00 -6.36473  4.20422e+20  4.20422e+20  4.20422e+20  6.49966e+17  6.49969e+17 -6.49967e+17
  300.00 -6.34068  4.17145e+20  4.17145e+20  4.17145e+20  1.05827e+18  1.05828e+18 -1.05827e+18
  300.00 -6.31663  4.11967e+20  4.11967e+20  4.11967e+20  1.31875e+18  1.31875e+18 -1.31875e+18
  300.00 -6.29259  4.09783e+20  4.09783e+20  4.09783e+20  1.41274e+18  1.41274e+18 -1.41274e+18
  300.00 -6.26854  4.12361e+20  4.12361e+20  4.12361e+20  1.17321e+18  1.17321e+18 -1.17321e+18
  300.00 -6.24449  4.17032e+20  4.17032e+20  4.17032e+20  8.86804e+17  8.86805e+17 -8.86803e+17
  300.00 -6.22044  4.22388e+20  4.22388e+20  4.22388e+20  5.93937e+17  5.93938e+17 -5.93936e+17
  300.00 -6.19639  4.28451e+20  4.28451e+20  4.28451e+20  2.14058e+17  2.14059e+17 -2.14057e+17
  300.00 -6.17234  4.34686e+20  4.34686e+20  4.34686e+20 -8.27998e+16 -8.27998e+16  8.28007e+16
  300.00 -6.14830  4.41593e+20  4.41593e+20  4.41593e+20 -2.79107e+17 -2.79107e+17  2.79107e+17
  300.00 -6.12425  4.50760e+20  4.50760e+20  4.50760e+20 -3.90493e+17 -3.90492e+17  3.90493e+17
  300.00 -6.10020  4.62526e+20  4.62526e+20  4.62526e+20 -4.22440e+17 -4.22439e+17  4.22439e+17
  300.00 -6.07615  4.74385e+20  4.74385e+20  4.74385e+20 -4.20957e+17 -4.20956e+17  4.20956e+17
  300.00 -6.05210  4.82236e+20  4.82236e+20  4.82236e+20 -4.31023e+17 -4.31022e+17  4.31022e+17
  300.00 -6.02806  4.83476e+20  4.83476e+20  4.83476e+20 -4.58691e+17 -4.58690e+17  4.58690e+17
  300.00 -6.00401  4.78805e+20  4.78805e+20  4.78805e+20 -4.80801e+17 -4.80801e+17  4.80801e+17
  300.00 -5.97996  4.71312e+20  4.71312e+20  4.71312e+20 -4.76074e+17 -4.76074e+17  4.76074e+17
  300.00 -5.95591  4.64225e+20  4.64225e+20  4.64225e+20 -4.39577e+17 -4.39577e+17  4.39577e+17
  300.00 -5.93186  4.59276e+20  4.59276e+20  4.59276e+20 -3.79348e+17 -3.79347e+17  3.79348e+17
  300.00 -5.90782  4.56594e+20  4.56594e+20  4.56594e+20 -3.07967e+17 -3.07967e+17  3.07968e+17
  300.00 -5.88377  4.55648e+20  4.55648e+20  4.55648e+20 -2.35259e+17 -2.35258e+17  2.35260e+17
  300.00 -5.85972  4.56148e+20  4.56148e+20  4.56148e+20 -1.65089e+17 -1.65089e+17  1.65090e+17
  300.00 -5.83567  4.58164e+20  4.58164e+20  4.58164e+20 -9.62820e+16 -9.62815e+16  9.62827e+16
  300.00 -5.81162  4.61576e+20  4.61576e+20  4.61576e+20 -2.52204e+16 -2.52201e+16  2.52210e+16
  300.00 -5.78758  4.65563e+20  4.65563e+20  4.65563e+20  5.01411e+16  5.01412e+16 -5.01406e+16
  300.00 -5.76353  4.68806e+20  4.68806e+20  4.68806e+20  1.23593e+17  1.23593e+17 -1.23592e+17
  300.00 -5.73948  4.70277e+20  4.70277e+20  4.70277e+20  1.75031e+17  1.75030e+17 -1.75031e+17
  300.00 -5.71543  4.69800e+20  4.69800e+20  4.69800e+20  1.74857e+17  1.74855e+17 -1.74856e+17
  300.00 -5.69138  4.67711e+20  4.67711e+20  4.67711e+20  1.00975e+17  1.00973e+17 -1.00973e+17
  300.00 -5.66733  4.64266e+20  4.64266e+20  4.64266e+20 -4.29610e+16 -4.29633e+16  4.29623e+16
  300.00 -5.64329  4.60097e+20  4.60098e+20  4.60098e+20 -2.22835e+17 -2.22837e+17  2.22836e+17
  300.00 -5.61924  4.56305e+20  4.56305e+20  4.56305e+20 -3.84136e+17 -3.84139e+17  3.84138e+17
  300.00 -5.59519  4.52649e+20  4.52650e+20  4.52650e+20 -5.00464e+17 -5.00466e+17  5.00466e+17
  300.00 -5.57114  4.46222e+20  4.46222e+20  4.46222e+20 -5.15411e+17 -5.15413e+17  5.15413e+17
  300.00 -5.54709  4.37386e+20  4.37386e+20  4.37386e+20 -4.71299e+17 -4.71300e+17  4.71301e+17
  300.00 -5.52305  4.26542e+20  4.26542e+20  4.26542e+20 -3.70973e+17 -3.70974e+17  3.70975e+17
  300.00 -5.49900  4.15467e+20  4.15466e+20  4.15466e+20 -2.39894e+17 -2.39896e+17  2.39896e+17
  300.00 -5.47495  4.06960e+20  4.06959e+20  4.06959e+20 -9.55804e+16 -9.55818e+16  9.55816e+16
  300.00 -5.45090  4.02553e+20  4.02551e+20  4.02551e+20  3.76904e+16  3.76889e+16 -3.76895e+16
  300.00 -5.42685  4.01228e+20  4.01226e+20  4.01226e+20  1.35602e+17  1.35601e+17 -1.35602e+17
  300.00 -5.40281  4.00732e+20  4.00729e+20  4.00730e+20  1.83810e+17  1.83809e+17 -1.83810e+17
  300.00 -5.37876  3.99146e+20  3.99142e+20  3.99142e+20  1.78940e+17  1.78940e+17 -1.78941e+17
  300.00 -5.35471  3.95509e+20  3.95504e+20  3.95505e+20  1.27671e+17  1.27671e+17 -1.27672e+17
  300.00 -5.33066  3.89803e+20  3.89798e+20  3.89798e+20  4.75932e+16  4.75942e+16 -4.75957e+16
  300.00 -5.30661  3.82713e+20  3.82709e+20  3.82709e+20 -3.71396e+16 -3.71383e+16  3.71364e+16
  300.00 -5.28257  3.75405e+20  3.75404e+20  3.75403e+20 -1.06666e+17 -1.06665e+17  1.06663e+17
  300.00 -5.25852  3.69418e+20  3.69421e+20  3.69419e+20 -1.55360e+17 -1.55359e+17  1.55357e+17
  300.00 -5.23447  3.66555e+20  3.66564e+20  3.66561e+20 -1.92836e+17 -1.92836e+17  1.92834e+17
  300.00 -5.21042  3.68403e+20  3.68420e+20  3.68416e+20 -2.36517e+17 -2.36517e+17  2.36515e+17
  300.00 -5.18637  3.75493e+20  3.75520e+20  3.75515e+20 -3.05560e+17 -3.05561e+17  3.05559e+17
  300.00 -5.16232  3.87130e+20  3.87167e+20  3.87161e+20 -4.15565e+17 -4.15567e+17  4.15565e+17
  300.00 -5.13828  4.01601e+20  4.01649e+20  4.01643e+20 -5.58325e+17 -5.58327e+17  5.58325e+17
  300.00 -5.11423  4.14925e+20  4.14979e+20  4.14974e+20 -6.90103e+17 -6.90105e+17  6.90104e+17
  300.00 -5.09018  4.21592e+20  4.21650e+20  4.21646e+20 -7.85465e+17 -7.85467e+17  7.85466e+17
  300.00 -5.06613  4.20407e+20  4.20461e+20  4.20458e+20 -8.73548e+17 -8.73549e+17  8.73548e+17
  300.00 -5.04208  4.16572e+20  4.16614e+20  4.16614e+20 -9.66434e+17 -9.66435e+17  9.66434e+17
  300.00 -5.01804  4.15406e+20  4.15430e+20  4.15432e+20 -1.00994e+18 -1.00994e+18  1.00994e+18
  300.00 -4.99399  4.17386e+20  4.17386e+20  4.17390e+20 -9.64076e+17 -9.64077e+17  9.64077e+17
  300.00 -4.96994  4.19543e+20  4.19516e+20  4.19522e+20 -9.13809e+17 -9.13810e+17  9.13810e+17
  300.00 -4.94589  4.19307e+20  4.19257e+20  4.19263e+20 -9.35659e+17 -9.35661e+17  9.35661e+17
  300.00 -4.92184  4.17304e+20  4.17239e+20  4.17244e+20 -1.01176e+18 -1.01176e+18  1.01176e+18
  300.00 -4.89780  4.14540e+20  4.14474e+20  4.14477e+20 -1.05019e+18 -1.05019e+18  1.05019e+18
  300.00 -4.87375  4.11120e+20  4.11071e+20  4.11070e+20 -1.01034e+18 -1.01034e+18  1.01034e+18
  300.00 -4.84970  4.08741e+20  4.08730e+20  4.08724e+20 -9.47639e+17 -9.47639e+17  9.47639e+17
  300.00 -4.82565  4.09296e+20  4.09349e+20  4.09334e+20 -8.90143e+17 -8.90142e+17  8.90143e+17
  300.00 -4.80160  4.12625e+20  4.12768e+20  4.12743e+20 -8.47329e+17 -8.47327e+17  8.47328e+17
  300.00 -4.77756  4.16564e+20  4.16821e+20  4.16780e+20 -8.14053e+17 -8.14051e+17  8.14053e+17
  300.00 -4.75351  4.18952e+20  4.19334e+20  4.19275e+20 -7.58508e+17 -7.58505e+17  7.58508e+17
  300.00 -4.72946  4.20117e+20  4.20596e+20  4.20530e+20 -6.54115e+17 -6.54112e+17  6.54115e+17
  300.00 -4.70541  4.23123e+20  4.23628e+20  4.23574e+20 -5.33207e+17 -5.33205e+17  5.33207e+17
  300.00 -4.68136  4.31221e+20  4.31653e+20  4.31620e+20 -4.89621e+17 -4.89619e+17  4.89621e+17
  300.00 -4.65731  4.44732e+20  4.45022e+20  4.44969e+20 -5.55500e+17 -5.55501e+17  5.55501e+17
  300.00 -4.63327  4.61141e+20  4.61297e+20  4.61129e+20 -6.27194e+17 -6.27196e+17  6.27195e+17
  300.00 -4.60922  4.78251e+20  4.78347e+20  4.77961e+20 -5.77682e+17 -5.77684e+17  5.77684e+17
  300.00 -4.58517  4.94580e+20  4.94685e+20  4.94070e+20 -4.02279e+17 -4.02280e+17  4.02281e+17
  300.00 -4.56112  5.07381e+20  5.07506e+20  5.06972e+20 -1.98230e+17 -1.98231e+17  1.98232e+17
  300.00 -4.53707  5.13685e+20  5.13797e+20  5.13178e+20 -5.54104e+16 -5.54105e+16  5.54115e+16
  300.00 -4.51303  5.13448e+20  5.13541e+20  5.13088e+20  5.35896e+16  5.35900e+16 -5.35890e+16
  300.00 -4.48898  5.08894e+20  5.09027e+20  5.08814e+20 -3.19279e+16 -3.19276e+16  3.19281e+16
  300.00 -4.46493  5.06011e+20  5.06264e+20  5.06194e+20 -9.89778e+16 -9.89781e+16  9.89780e+16
  300.00 -4.44088  5.08368e+20  5.08769e+20  5.08737e+20 -2.07833e+17 -2.07834e+17  2.07834e+17
  300.00 -4.41683  5.17050e+20  5.17546e+20  5.17497e+20 -3.43699e+17 -3.43700e+17  3.43700e+17
  300.00 -4.39279  5.30774e+20  5.31268e+20  5.31203e+20 -4.32971e+17 -4.32973e+17  4.32972e+17
  300.00 -4.36874  5.47297e+20  5.47706e+20  5.47645e+20 -3.91872e+17 -3.91873e+17  3.91873e+17
  300.00 -4.34469  5.64639e+20  5.64927e+20  5.64881e+20 -2.38564e+17 -2.38565e+17  2.38565e+17
  300.00 -4.32064  5.81635e+20  5.81804e+20  5.81775e+20 -9.57388e+16 -9.57395e+16  9.57400e+16
  300.00 -4.29659  5.97414e+20  5.97486e+20  5.97470e+20 -3.99926e+16 -3.99932e+16  3.99940e+16
  300.00 -4.27255  6.10564e+20  6.10567e+20  6.10559e+20 -6.44127e+14 -6.44360e+14  6.45515e+14
  300.00 -4.24850  6.19956e+20  6.19915e+20  6.19912e+20  1.19257e+17  1.19257e+17 -1.19256e+17
  300.00 -4.22445  6.26615e+20  6.26551e+20  6.26553e+20  2.97040e+17  2.97041e+17 -2.97039e+17
  300.00 -4.20040  6.33286e+20  6.33219e+20  6.33224e+20  4.26421e+17  4.26423e+17 -4.26421e+17
  300.00 -4.17635  6.41117e+20  6.41061e+20  6.41068e+20  5.35033e+17  5.35034e+17 -5.35033e+17
  300.00 -4.15230  6.48133e+20  6.48100e+20  6.48106e+20  5.50964e+17  5.50964e+17 -5.50963e+17
  300.00 -4.12826  6.51615e+20  6.51608e+20  6.51613e+20  4.77834e+17  4.77834e+17 -4.77834e+17
  300.00 -4.10421  6.51721e+20  6.51740e+20  6.51743e+20  2.59376e+17  2.59376e+17 -2.59376e+17
  300.00 -4.08016  6.51159e+20  6.51198e+20  6.51198e+20 -3.30177e+16 -3.30174e+16  3.30167e+16
  300.00 -4.05611  6.52930e+20  6.52982e+20  6.52980e+20 -2.69833e+17 -2.69833e+17  2.69833e+17
  300.00 -4.03206  6.58565e+20  6.58622e+20  6.58619e+20 -4.26631e+17 -4.26630e+17  4.26630e+17
  300.00 -4.00802  6.67092e+20  6.67147e+20  6.67142e+20 -5.56845e+17 -5.56844e+17  5.56845e+17
  300.00 -3.98397  6.75604e+20  6.75653e+20  6.75648e+20 -6.50164e+17 -6.50163e+17  6.50165e+17
  300.00 -3.95992  6.82075e+20  6.82115e+20  6.82109e+20 -6.10629e+17 -6.10629e+17  6.10630e+17
  300.00 -3.93587  6.87941e+20  6.87971e+20  6.87966e+20 -4.97884e+17 -4.97885e+17  4.97880e+17
  300.00 -3.91182  6.95769e+20  6.95788e+20  6.95784e+20 -5.09988e+17 -5.09961e+17  5.09943e+17
  300.00 -3.88778  7.05699e+20  7.05710e+20  7.05707e+20 -5.88782e+17 -5.88750e+17  5.89139e+17
  300.00 -3.86373  7.18394e+20  7.18398e+20  7.18396e+20 -4.83240e+17 -4.83913e+17  4.83790e+17
  300.00 -3.83968  7.35924e+20  7.35928e+20  7.35931e+20 -2.04281e+17 -2.07227e+17  2.04128e+17
  300.00 -3.81563  7.53536e+20  7.53531e+20  7.53532e+20  1.07071e+17  1.03290e+17 -1.04997e+17
  300.00 -3.79158  7.68804e+20  7.68785e+20  7.68803e+20  3.27490e+17  3.03504e+17 -3.15514e+17
  300.00 -3.76754  7.78684e+20  7.78666e+20  7.78685e+20  4.55323e+17  4.37258e+17 -4.43595e+17
  300.00 -3.74349  7.85278e+20  7.85272e+20  7.85276e+20  4.10301e+17  4.13099e+17 -4.14639e+17
  300.00 -3.71944  7.91741e+20  7.91731e+20  7.91743e+20  3.08269e+17  3.20545e+17 -3.18121e+17
  300.00 -3.69539  7.96211e+20  7.96200e+20  7.96214e+20  1.62667e+17  1.80325e+17 -1.75238e+17
  300.00 -3.67134  7.97942e+20  7.97938e+20  7.97943e+20  3.82758e+16  4.99906e+16 -4.59210e+16
  300.00 -3.64729  8.00653e+20  8.00651e+20  8.00652e+20  2.89679e+15  7.59602e+15 -3.58130e+15
  300.00 -3.62325  8.08777e+20  8.08766e+20  8.08776e+20 -8.32521e+16 -8.02491e+16  7.68047e+16
  300.00 -3.59920  8.20333e+20  8.20313e+20  8.20334e+20 -3.36188e+17 -3.38469e+17  3.20326e+17
  300.00 -3.57515  8.30077e+20  8.30058e+20  8.30081e+20 -5.33561e+17 -5.41287e+17  5.23810e+17
  300.00 -3.55110  8.38387e+20  8.38378e+20  8.38392e+20 -5.58743e+17 -5.61400e+17  5.58226e+17
  300.00 -3.52705  8.47163e+20  8.47166e+20  8.47169e+20 -6.32926e+17 -6.30387e+17  6.33196e+17
  300.00 -3.50301  8.50149e+20  8.50160e+20  8.50164e+20 -7.44495e+17 -7.46965e+17  7.43109e+17
  300.00 -3.47896  8.42317e+20  8.42325e+20  8.42335e+20 -7.78177e+17 -7.82011e+17  7.72749e+17
  300.00 -3.45491  8.29406e+20  8.29408e+20  8.29416e+20 -6.81636e+17 -6.80504e+17  6.75288e+17
  300.00 -3.43086  8.22944e+20  8.22945e+20  8.22948e+20 -4.96328e+17 -4.96195e+17  4.99795e+17
  300.00 -3.40681  8.25232e+20  8.25235e+20  8.25237e+20 -2.22130e+17 -2.23611e+17  2.23080e+17
  300.00 -3.38277  8.23709e+20  8.23709e+20  8.23710e+20 -1.69099e+17 -1.69130e+17  1.68948e+17
  300.00 -3.35872  8.19733e+20  8.19734e+20  8.19734e+20 -1.91038e+17 -1.90781e+17  1.90688e+17
  300.00 -3.33467  8.17755e+20  8.17755e+20  8.17755e+20 -8.69307e+16 -8.69067e+16  8.69401e+16
  300.00 -3.31062  8.21127e+20  8.21127e+20  8.21127e+20  1.54397e+17  1.54368e+17 -1.54374e+17
  300.00 -3.28657  8.26266e+20  8.26266e+20  8.26266e+20  4.14361e+17  4.14354e+17 -4.14361e+17
  300.00 -3.26253  8.25601e+20  8.25601e+20  8.25601e+20  5.74093e+17  5.74092e+17 -5.74094e+17
  300.00 -3.23848  8.21887e+20  8.21887e+20  8.21887e+20  5.18178e+17  5.18175e+17 -5.18174e+17
  300.00 -3.21443  8.20440e+20  8.20440e+20  8.20440e+20  2.74743e+17  2.74738e+17 -2.74734e+17
  300.00 -3.19038  8.22956e+20  8.22956e+20  8.22956e+20 -6.83847e+16 -6.83895e+16  6.83962e+16
  300.00 -3.16633  8.28573e+20  8.28573e+20  8.28573e+20 -3.99269e+17 -3.99273e+17  3.99279e+17
  300.00 -3.14228  8.35767e+20  8.35767e+20  8.35767e+20 -6.26581e+17 -6.26583e+17  6.26587e+17
  300.00 -3.11824  8.43127e+20  8.43126e+20  8.43126e+20 -7.34382e+17 -7.34382e+17  7.34380e+17
  300.00 -3.09419  8.49851e+20  8.49851e+20  8.49851e+20 -7.76203e+17 -7.76201e+17  7.76193e+17
  300.00 -3.07014  8.55670e+20  8.55670e+20  8.55670e+20 -8.09985e+17 -8.09981e+17  8.09968e+17
  300.00 -3.04609  8.60489e+20  8.60489e+20  8.60489e+20 -8.44404e+17 -8.44399e+17  8.44383e+17
  300.00 -3.02204  8.64411e+20  8.64411e+20  8.64411e+20 -8.39169e+17 -8.39164e+17  8.39149e+17
  300.00 -2.99800  8.68029e+20  8.68029e+20  8.68029e+20 -7.41299e+17 -7.41296e+17  7.41285e+17
  300.00 -2.97395  8.71958e+20  8.71958e+20  8.71958e+20 -5.20566e+17 -5.20565e+17  5.20560e+17
  300.00 -2.94990  8.77145e+20  8.77145e+20  8.77145e+20 -1.85527e+17 -1.85528e+17  1.85529e+17
  300.00 -2.92585  8.83615e+20  8.83615e+20  8.83615e+20  2.20146e+17  2.20144e+17 -2.20138e+17
  300.00 -2.90180  8.90700e+20  8.90700e+20  8.90700e+20  6.34964e+17  6.34962e+17 -6.34954e+17
  300.00 -2.87776  8.97239e+20  8.97239e+20  8.97239e+20  1.00218e+18  1.00218e+18 -1.00217e+18
  300.00 -2.85371  9.02084e+20  9.02084e+20  9.02084e+20  1.28776e+18  1.28776e+18 -1.28775e+18
  300.00 -2.82966  9.04595e+20  9.04595e+20  9.04595e+20  1.48638e+18  1.48638e+18 -1.48638e+18
  300.00 -2.80561  9.04918e+20  9.04918e+20  9.04918e+20  1.61441e+18  1.61441e+18 -1.61441e+18
  300.00 -2.78156  9.03954e+20  9.03954e+20  9.03954e+20  1.69551e+18  1.69551e+18 -1.69551e+18
  300.00 -2.75752  9.03045e+20  9.03045e+20  9.03045e+20  1.74719e+18  1.74720e+18 -1.74720e+18
  300.00 -2.73347  9.03528e+20  9.03528e+20  9.03528e+20  1.77540e+18  1.77540e+18 -1.77540e+18
  300.00 -2.70942  9.06315e+20  9.06315e+20  9.06315e+20  1.77860e+18  1.77860e+18 -1.77860e+18
  300.00 -2.68537  9.11649e+20  9.11649e+20  9.11649e+20  1.75600e+18  1.75600e+18 -1.75600e+18
  300.00 -2.66132  9.19071e+20  9.19071e+20  9.19071e+20  1.70969e+18  1.70969e+18 -1.70969e+18
  300.00 -2.63727  9.27508e+20  9.27508e+20  9.27508e+20  1.63400e+18  1.63400e+18 -1.63400e+18
  300.00 -2.61323  9.35495e+20  9.35495e+20  9.35495e+20  1.49664e+18  1.49664e+18 -1.49664e+18
  300.00 -2.58918  9.41663e+20  9.41663e+20  9.41663e+20  1.26438e+18  1.26438e+18 -1.26438e+18
  300.00 -2.56513  9.44570e+20  9.44570e+20  9.44570e+20  8.64445e+17  8.64438e+17 -8.64445e+17
  300.00 -2.54108  9.42741e+20  9.42741e+20  9.42741e+20  3.37938e+17  3.37930e+17 -3.37940e+17
  300.00 -2.51703  9.35864e+20  9.35864e+20  9.35864e+20 -2.12712e+17 -2.12720e+17  2.12709e+17
  300.00 -2.49299  9.25349e+20  9.25349e+20  9.25349e+20 -6.29901e+17 -6.29907e+17  6.29896e+17
  300.00 -2.46894  9.12760e+20  9.12760e+20  9.12760e+20 -7.96675e+17 -7.96680e+17  7.96669e+17
  300.00 -2.44489  9.00576e+20  9.00576e+20  9.00576e+20 -7.09715e+17 -7.09718e+17  7.09709e+17
  300.00 -2.42084  8.92542e+20  8.92542e+20  8.92542e+20 -4.70339e+17 -4.70340e+17  4.70335e+17
  300.00 -2.39679  8.91649e+20  8.91649e+20  8.91649e+20 -2.13643e+17 -2.13641e+17  2.13639e+17
  300.00 -2.37275  8.97889e+20  8.97889e+20  8.97889e+20 -4.20847e+16 -4.20787e+16  4.20825e+16
  300.00 -2.34870  9.08772e+20  9.08772e+20  9.08772e+20  9.09047e+15  9.10081e+15 -9.09198e+15
  300.00 -2.32465  9.21366e+20  9.21366e+20  9.21366e+20 -2.87403e+16 -2.87259e+16  2.87391e+16
  300.00 -2.30060  9.32315e+20  9.32316e+20  9.32315e+20 -9.83117e+16 -9.82937e+16  9.83097e+16
  300.00 -2.27655  9.40064e+20  9.40064e+20  9.40064e+20 -1.70814e+17 -1.70791e+17  1.70808e+17
  300.00 -2.25251  9.44902e+20  9.44902e+20  9.44902e+20 -2.60293e+17 -2.60262e+17  2.60277e+17
  300.00 -2.22846  9.46682e+20  9.46682e+20  9.46682e+20 -3.86787e+17 -3.86738e+17  3.86749e+17
  300.00 -2.20441  9.47007e+20  9.47007e+20  9.47007e+20 -5.45110e+17 -5.45035e+17  5.45040e+17
  300.00 -2.18036  9.49340e+20  9.49340e+20  9.49340e+20 -7.15274e+17 -7.15176e+17  7.15174e+17
  300.00 -2.15631  9.56394e+20  9.56394e+20  9.56394e+20 -8.84471e+17 -8.84419e+17  8.84403e+17
  300.00 -2.13226  9.68231e+20  9.68231e+20  9.68231e+20 -1.05087e+18 -1.05109e+18  1.05101e+18
  300.00 -2.10822  9.81798e+20  9.81797e+20  9.81797e+20 -1.21467e+18 -1.21567e+18  1.21535e+18
  300.00 -2.08417  9.92356e+20  9.92354e+20  9.92354e+20 -1.37141e+18 -1.37388e+18  1.37292e+18
  300.00 -2.06012  9.95949e+20  9.95946e+20  9.95946e+20 -1.50963e+18 -1.51377e+18  1.51172e+18
  300.00 -2.03607  9.91365e+20  9.91362e+20  9.91364e+20 -1.61589e+18 -1.61973e+18  1.61685e+18
  300.00 -2.01202  9.81397e+20  9.81397e+20  9.81403e+20 -1.68919e+18 -1.68624e+18  1.68521e+18
  300.00 -1.98798  9.72149e+20  9.72156e+20  9.72171e+20 -1.73103e+18 -1.70970e+18  1.71716e+18
  300.00 -1.96393  9.68175e+20  9.68191e+20  9.68217e+20 -1.69330e+18 -1.64251e+18  1.66705e+18
  300.00 -1.93988  9.64841e+20  9.64865e+20  9.64898e+20 -1.58708e+18 -1.50997e+18  1.55354e+18
  300.00 -1.91583  9.55178e+20  9.55207e+20  9.55223e+20 -1.42958e+18 -1.35700e+18  1.40267e+18
  300.00 -1.89178  9.39813e+20  9.39846e+20  9.39816e+20 -1.15509e+18 -1.13375e+18  1.14727e+18
  300.00 -1.86774  9.23081e+20  9.23118e+20  9.23044e+20 -7.86726e+17 -8.20303e+17  7.88542e+17
  300.00 -1.84369  9.11616e+20  9.11650e+20  9.11617e+20 -4.01791e+17 -3.79525e+17  3.71267e+17
  300.00 -1.81964  9.06530e+20  9.06580e+20  9.06739e+20 -4.29483e+16  2.48049e+17 -8.60088e+16
  300.00 -1.79559  9.07304e+20  9.07467e+20  9.07910e+20  3.01993e+17  1.06129e+18 -6.18649e+17
  300.00 -1.77154  9.13852e+20  9.14255e+20  9.14939e+20  6.34072e+17  1.92698e+18 -1.25659e+18
  300.00 -1.74749  9.25937e+20  9.26605e+20  9.27446e+20  9.14962e+17  2.63468e+18 -1.91214e+18
  300.00 -1.72345  9.41834e+20  9.42451e+20  9.43239e+20  9.92718e+17  3.20734e+18 -2.34413e+18
  300.00 -1.69940  9.58433e+20  9.58656e+20  9.59292e+20  8.93156e+17  3.45100e+18 -2.54397e+18
  300.00 -1.67535  9.73244e+20  9.73445e+20  9.73802e+20  9.41341e+17  3.28473e+18 -2.54281e+18
  300.00 -1.65130  9.86414e+20  9.86815e+20  9.86769e+20  1.21444e+18  2.91952e+18 -2.51106e+18
  300.00 -1.62725  9.96993e+20  9.97554e+20  9.97293e+20  1.27239e+18  2.42339e+18 -2.32467e+18
  300.00 -1.60321  1.00138e+21  1.00190e+21  1.00143e+21  1.40962e+18  2.07201e+18 -2.04662e+18
  300.00 -1.57916  9.97417e+20  9.97901e+20  9.97281e+20  1.54745e+18  1.81505e+18 -1.75076e+18
  300.00 -1.55511  9.87014e+20  9.87497e+20  9.86702e+20  1.66195e+18  1.65909e+18 -1.52833e+18
  300.00 -1.53106  9.71022e+20  9.71536e+20  9.70517e+20  1.76405e+18  1.57969e+18 -1.37206e+18
  300.00 -1.50701  9.50807e+20  9.51371e+20  9.50118e+20  1.87181e+18  1.53242e+18 -1.24245e+18
  300.00 -1.48297  9.27754e+20  9.28374e+20  9.26926e+20  1.95652e+18  1.48345e+18 -1.11878e+18
  300.00 -1.45892  9.03145e+20  9.03803e+20  9.02245e+20  1.96669e+18  1.41323e+18 -1.00516e+18
  300.00 -1.43487  8.78749e+20  8.79410e+20  8.77850e+20  1.86777e+18  1.30221e+18 -9.04522e+17
  300.00 -1.41082  8.56177e+20  8.56797e+20  8.55348e+20  1.65561e+18  1.13432e+18 -8.07587e+17
  300.00 -1.38677  8.37162e+20  8.37698e+20  8.36453e+20  1.34774e+18  9.07052e+17 -6.97929e+17
  300.00 -1.36273  8.24111e+20  8.24535e+20  8.23553e+20  9.70960e+17  6.33207e+17 -5.59892e+17
  300.00 -1.33868  8.18889e+20  8.19186e+20  8.18490e+20  5.53348e+17  3.34619e+17 -3.84203e+17
  300.00 -1.31463  8.22020e+20  8.22194e+20  8.21767e+20  1.20067e+17  3.43305e+16 -1.71077e+17
  300.00 -1.29058  8.33214e+20  8.33282e+20  8.33080e+20 -3.08691e+17 -2.49365e+17  6.99544e+16
  300.00 -1.26653  8.51530e+20  8.51517e+20  8.51476e+20 -7.17880e+17 -5.06311e+17  3.23714e+17
  300.00 -1.24248  8.75083e+20  8.75019e+20  8.75074e+20 -1.09588e+18 -7.34958e+17  5.74501e+17
  300.00 -1.21844  9.01334e+20  9.01247e+20  9.01339e+20 -1.43185e+18 -9.39901e+17  8.09835e+17
  300.00 -1.19439  9.27756e+20  9.27670e+20  9.27757e+20 -1.71385e+18 -1.12741e+18  1.02129e+18
  300.00 -1.17034  9.52147e+20  9.52081e+20  9.52137e+20 -1.92892e+18 -1.30048e+18  1.20266e+18
  300.00 -1.14629  9.72628e+20  9.72592e+20  9.72609e+20 -2.06479e+18 -1.45479e+18  1.34694e+18
  300.00 -1.12224  9.87747e+20  9.87740e+20  9.87723e+20 -2.11198e+18 -1.57677e+18  1.44379e+18
  300.00 -1.09820  9.96675e+20  9.96686e+20  9.96652e+20 -2.06513e+18 -1.64439e+18  1.47882e+18
  300.00 -1.07415  9.99258e+20  9.99264e+20  9.99235e+20 -1.92343e+18 -1.63106e+18  1.43551e+18
  300.00 -1.05010  9.95897e+20  9.95868e+20  9.95871e+20 -1.69044e+18 -1.51196e+18  1.29923e+18
  300.00 -1.02605  9.87414e+20  9.87311e+20  9.87372e+20 -1.37456e+18 -1.27158e+18  1.06254e+18
  300.00 -1.00200  9.74931e+20  9.74713e+20  9.74859e+20 -9.90028e+17 -9.10368e+17  7.29923e+17
  300.00 -0.97796  9.59732e+20  9.59361e+20  9.59612e+20 -5.58320e+17 -4.48481e+17  3.20497e+17
  300.00 -0.95391  9.43099e+20  9.42547e+20  9.42919e+20 -1.08568e+17  7.48795e+16 -1.32563e+17
  300.00 -0.92986  9.26197e+20  9.25451e+20  9.25947e+20  3.23906e+17  6.06721e+17 -5.86068e+17
  300.00 -0.90581  9.10021e+20  9.09088e+20  9.09701e+20  7.01322e+17  1.08886e+18 -9.93397e+17
  300.00 -0.88176  8.95373e+20  8.94281e+20  8.94992e+20  9.88756e+17  1.46765e+18 -1.31192e+18
  300.00 -0.85772  8.82848e+20  8.81646e+20  8.82425e+20  1.15973e+18  1.70257e+18 -1.50947e+18
  300.00 -0.83367  8.72831e+20  8.71579e+20  8.72390e+20  1.20051e+18  1.77172e+18 -1.56837e+18
  300.00 -0.80962  8.65522e+20  8.64289e+20  8.65091e+20  1.11201e+18  1.67357e+18 -1.48667e+18
  300.00 -0.78557  8.60996e+20  8.59847e+20  8.60601e+20  9.08604e+17  1.42502e+18 -1.27640e+18
  300.00 -0.76152  8.59268e+20  8.58256e+20  8.58928e+20  6.14273e+17  1.05647e+18 -9.59890e+17
  300.00 -0.73747  8.60362e+20  8.59523e+20  8.60088e+20  2.56963e+17  6.05390e+17 -5.64897e+17
  300.00 -0.71343  8.64359e+20  8.63706e+20  8.64148e+20 -1.37096e+17  1.09758e+17 -1.19919e+17
  300.00 -0.68938  8.71371e+20  8.70896e+20  8.71209e+20 -5.47404e+17 -3.97141e+17  3.49295e+17
  300.00 -0.66533  8.81455e+20  8.81133e+20  8.81321e+20 -9.60426e+17 -8.89629e+17  8.21485e+17
  300.00 -0.64128  8.94474e+20  8.94267e+20  8.94342e+20 -1.36819e+18 -1.35039e+18  1.28013e+18
  300.00 -0.61723  9.09938e+20  9.09804e+20  9.09782e+20 -1.76551e+18 -1.76985e+18  1.71303e+18
  300.00 -0.59319  9.26887e+20  9.26787e+20  9.26687e+20 -2.14743e+18 -2.14512e+18  2.11207e+18
  300.00 -0.56914  9.43884e+20  9.43786e+20  9.43630e+20 -2.50781e+18 -2.47864e+18  2.47292e+18
  300.00 -0.54509  9.59155e+20  9.59040e+20  9.58848e+20 -2.83882e+18 -2.77581e+18  2.79404e+18
  300.00 -0.52104  9.70846e+20  9.70707e+20  9.70501e+20 -3.13048e+18 -3.04092e+18  3.07394e+18
  300.00 -0.49699  9.77299e+20  9.77138e+20  9.76936e+20 -3.37036e+18 -3.27221e+18  3.30780e+18
  300.00 -0.47295  9.77283e+20  9.77112e+20  9.76930e+20 -3.54484e+18 -3.45909e+18  3.48587e+18
  300.00 -0.44890  9.70271e+20  9.70105e+20  9.69955e+20 -3.64243e+18 -3.58419e+18  3.59573e+18
  300.00 -0.42485  9.56822e+20  9.56675e+20  9.56563e+20 -3.65714e+18 -3.62958e+18  3.62690e+18
  300.00 -0.40080  9.38934e+20  9.38813e+20  9.38739e+20 -3.58783e+18 -3.58259e+18  3.57324e+18
  300.00 -0.37675  9.19997e+20  9.19899e+20  9.19856e+20 -3.43285e+18 -3.43740e+18  3.43075e+18
  300.00 -0.35271  9.03978e+20  9.03893e+20  9.03868e+20 -3.18616e+18 -3.19413e+18  3.19506e+18
  300.00 -0.32866  8.93957e+20  8.93869e+20  8.93844e+20 -2.84098e+18 -2.85864e+18  2.86355e+18
  300.00 -0.30461  8.90727e+20  8.90619e+20  8.90579e+20 -2.39908e+18 -2.44264e+18  2.44109e+18
  300.00 -0.28056  8.92470e+20  8.92332e+20  8.92268e+20 -1.87746e+18 -1.96195e+18  1.94335e+18
  300.00 -0.25651  8.95872e+20  8.95707e+20  8.95617e+20 -1.30691e+18 -1.43375e+18  1.39468e+18
  300.00 -0.23246  8.97464e+20  8.97283e+20  8.97177e+20 -7.29280e+17 -8.80217e+17  8.28436e+17
  300.00 -0.20842  8.98294e+20  8.98116e+20  8.98008e+20 -1.84916e+17 -3.25935e+17  2.80047e+17
  300.00 -0.18437  8.94922e+20  8.94766e+20  8.94672e+20  2.78403e+17  1.82031e+17 -2.00200e+17
  300.00 -0.16032  8.92209e+20  8.92092e+20  8.92022e+20  5.85698e+17  5.45752e+17 -5.30735e+17
  300.00 -0.13627  8.90436e+20  8.90365e+20  8.90320e+20  7.89861e+17  7.84228e+17 -7.60552e+17
  300.00 -0.11222  8.83421e+20  8.83376e+20  8.83352e+20  8.65472e+17  8.66513e+17 -8.61636e+17
  300.00 -0.08818  8.69813e+20  8.69751e+20  8.69745e+20  9.22247e+17  9.35268e+17 -9.36202e+17
  300.00 -0.06413  8.54153e+20  8.54043e+20  8.54051e+20  9.75913e+17  1.01947e+18 -9.93871e+17
  300.00 -0.04008  8.40119e+20  8.39984e+20  8.39995e+20  1.01552e+18  1.06817e+18 -1.02903e+18
  300.00 -0.01603  8.19284e+20  8.19180e+20  8.19183e+20  1.02632e+18  1.04235e+18 -1.03511e+18
  300.00  0.00802  7.84856e+20  7.84809e+20  7.84803e+20  1.01870e+18  9.95340e+17 -1.02255e+18
  300.00  0.03206  7.43656e+20  7.43645e+20  7.43639e+20  1.11231e+18  1.09029e+18 -1.11059e+18
  300.00  0.05611  7.01695e+20  7.01691e+20  7.01688e+20  1.20151e+18  1.20397e+18 -1.19818e+18
  300.00  0.08016  6.65030e+20  6.65022e+20  6.65022e+20  1.24472e+18  1.25839e+18 -1.24470e+18
  300.00  0.10421  6.37295e+20  6.37288e+20  6.37288e+20  1.15542e+18  1.16350e+18 -1.15863e+18
  300.00  0.12826  6.19533e+20  6.19530e+20  6.19530e+20  8.91442e+17  8.92755e+17 -8.94785e+17
  300.00  0.15230  6.10870e+20  6.10870e+20  6.10870e+20  5.96081e+17  5.95788e+17 -5.97914e+17
  300.00  0.17635  6.10639e+20  6.10639e+20  6.10640e+20  3.93923e+17  3.94040e+17 -3.94560e+17
  300.00  0.20040  6.14647e+20  6.14647e+20  6.14647e+20  2.39919e+17  2.39975e+17 -2.40043e+17
  300.00  0.22445  6.18074e+20  6.18074e+20  6.18074e+20  1.29214e+17  1.28917e+17 -1.29165e+17
  300.00  0.24850  6.20848e+20  6.20848e+20  6.20848e+20 -4.93091e+16 -4.97152e+16  4.94199e+16
  300.00  0.27255  6.28029e+20  6.28029e+20  6.28029e+20 -2.32929e+17 -2.33214e+17  2.33051e+17
  300.00  0.29659  6.36401e+20  6.36401e+20  6.36401e+20 -3.52010e+17 -3.52136e+17  3.52113e+17
  300.00  0.32064  6.46655e+20  6.46655e+20  6.46655e+20 -5.28430e+17 -5.28458e+17  5.28506e+17
  300.00  0.34469  6.60489e+20  6.60490e+20  6.60489e+20 -6.14676e+17 -6.14666e+17  6.14724e+17
  300.00  0.36874  6.78294e+20  6.78294e+20  6.78294e+20 -5.83851e+17 -5.83838e+17  5.83876e+17
  300.00  0.39279  6.95146e+20  6.95146e+20  6.95146e+20 -5.04322e+17 -5.04317e+17  5.04329e+17
  300.00  0.41683  7.02596e+20  7.02596e+20  7.02596e+20 -4.06405e+17 -4.06409e+17  4.06399e+17
  300.00  0.44088  6.99683e+20  6.99683e+20  6.99683e+20 -2.58977e+17 -2.58987e+17  2.58962e+17
  300.00  0.46493  6.94768e+20  6.94768e+20  6.94768e+20 -6.91365e+16 -6.91483e+16  6.91191e+16
  300.00  0.48898  6.93490e+20  6.93490e+20  6.93490e+20  1.87978e+17  1.87968e+17 -1.87995e+17
  300.00  0.51303  6.93960e+20  6.93960e+20  6.93960e+20  4.36270e+17  4.36262e+17 -4.36284e+17
  300.00  0.53707  6.91789e+20  6.91789e+20  6.91789e+20  6.59195e+17  6.59190e+17 -6.59203e+17
  300.00  0.56112  6.85249e+20  6.85249e+20  6.85249e+20  8.40712e+17  8.40710e+17 -8.40716e+17
  300.00  0.58517  6.74995e+20  6.74995e+20  6.74995e+20  9.75354e+17  9.75354e+17 -9.75355e+17
  300.00  0.60922  6.62392e+20  6.62392e+20  6.62392e+20  1.05279e+18  1.05279e+18 -1.05279e+18
  300.00  0.63327  6.48576e+20  6.48576e+20  6.48576e+20  1.05559e+18  1.05559e+18 -1.05559e+18
  300.00  0.65731  6.34377e+20  6.34377e+20  6.34377e+20  9.67818e+17  9.67820e+17 -9.67814e+17
  300.00  0.68136  6.20544e+20  6.20544e+20  6.20544e+20  7.80820e+17  7.80821e+17 -7.80816e+17
  300.00  0.70541  6.07872e+20  6.07872e+20  6.07872e+20  4.93126e+17  4.93128e+17 -4.93123e+17
  300.00  0.72946  5.97185e+20  5.97185e+20  5.97185e+20  1.08728e+17  1.08728e+17 -1.08725e+17
  300.00  0.75351  5.89269e+20  5.89269e+20  5.89269e+20 -3.63798e+17 -3.63798e+17  3.63801e+17
  300.00  0.77756  5.84807e+20  5.84807e+20  5.84807e+20 -9.11660e+17 -9.11660e+17  9.11663e+17
  300.00  0.80160  5.84326e+20  5.84326e+20  5.84326e+20 -1.51846e+18 -1.51846e+18  1.51846e+18
  300.00  0.82565  5.88164e+20  5.88164e+20  5.88164e+20 -2.16515e+18 -2.16515e+18  2.16516e+18
  300.00  0.84970  5.96458e+20  5.96458e+20  5.96458e+20 -2.83122e+18 -2.83122e+18  2.83123e+18
  300.00  0.87375  6.09131e+20  6.09131e+20  6.09131e+20 -3.49587e+18 -3.49587e+18  3.49587e+18
  300.00  0.89780  6.25903e+20  6.25903e+20  6.25903e+20 -4.13914e+18 -4.13914e+18  4.13914e+18
  300.00  0.92184  6.46305e+20  6.46305e+20  6.46305e+20 -4.74294e+18 -4.74294e+18  4.74294e+18
  300.00  0.94589  6.69700e+20  6.69700e+20  6.69700e+20 -5.29180e+18 -5.29180e+18  5.29180e+18
  300.00  0.96994  6.95314e+20  6.95314e+20  6.95314e+20 -5.77339e+18 -5.77340e+18  5.77339e+18
  300.00  0.99399  7.22273e+20  7.22273e+20  7.22273e+20 -6.17884e+18 -6.17884e+18  6.17884e+18
  300.00  1.01804  7.49646e+20  7.49646e+20  7.49646e+20 -6.50263e+18 -6.50263e+18  6.50263e+18
  300.00  1.04208  7.76482e+20  7.76482e+20  7.76482e+20 -6.74242e+18 -6.74242e+18  6.74242e+18
  300.00  1.06613  8.01859e+20  8.01859e+20  8.01859e+20 -6.89857e+18 -6.89858e+18  6.89857e+18
  300.00  1.09018  8.24924e+20  8.24924e+20  8.24924e+20 -6.97354e+18 -6.97354e+18  6.97354e+18
  300.00  1.11423  8.44929e+20  8.44929e+20  8.44929e+20 -6.97119e+18 -6.97119e+18  6.97119e+18
  300.00  1.13828  8.61267e+20  8.61267e+20  8.61267e+20 -6.89618e+18 -6.89618e+18  6.89617e+18
  300.00  1.16232  8.73493e+20  8.73493e+20  8.73493e+20 -6.75327e+18 -6.75327e+18  6.75327e+18
  300.00  1.18637  8.81348e+20  8.81348e+20  8.81348e+20 -6.54690e+18 -6.54690e+18  6.54690e+18
  300.00  1.21042  8.84761e+20  8.84761e+20  8.84761e+20 -6.28078e+18 -6.28078e+18  6.28078e+18
  300.00  1.23447  8.83856e+20  8.83856e+20  8.83856e+20 -5.95778e+18 -5.95778e+18  5.95778e+18
  300.00  1.25852  8.78940e+20  8.78940e+20  8.78940e+20 -5.57996e+18 -5.57996e+18  5.57996e+18
  300.00  1.28257  8.70485e+20  8.70485e+20  8.70485e+20 -5.14873e+18 -5.14874e+18  5.14874e+18
  300.00  1.30661  8.59108e+20  8.59108e+20  8.59108e+20 -4.66529e+18 -4.66529e+18  4.66529e+18
  300.00  1.33066  8.45535e+20  8.45535e+20  8.45535e+20 -4.13101e+18 -4.13101e+18  4.13101e+18
  300.00  1.35471  8.30572e+20  8.30572e+20  8.30572e+20 -3.54797e+18 -3.54797e+18  3.54798e+18
  300.00  1.37876  8.15062e+20  8.15062e+20  8.15062e+20 -2.91948e+18 -2.91948e+18  2.91948e+18
  300.00  1.40281  7.99850e+20  7.99850e+20  7.99850e+20 -2.25048e+18 -2.25048e+18  2.25048e+18
  300.00  1.42685  7.85742e+20  7.85742e+20  7.85742e+20 -1.54790e+18 -1.54790e+18  1.54790e+18
  300.00  1.45090  7.73470e+20  7.73470e+20  7.73470e+20 -8.20814e+17 -8.20815e+17  8.20816e+17
  300.00  1.47495  7.63663e+20  7.63663e+20  7.63663e+20 -8.04680e+16 -8.04696e+16  8.04697e+16
  300.00  1.49900  7.56820e+20  7.56820e+20  7.56820e+20  6.59910e+17  6.59908e+17 -6.59908e+17
  300.00  1.52305  7.53289e+20  7.53289e+20  7.53289e+20  1.38545e+18  1.38545e+18 -1.38545e+18
  300.00  1.54709  7.53262e+20  7.53262e+20  7.53262e+20  2.08016e+18  2.08016e+18 -2.08016e+18
  300.00  1.57114  7.56764e+20  7.56764e+20  7.56764e+20  2.72752e+18  2.72752e+18 -2.72752e+18
  300.00  1.59519  7.63665e+20  7.63665e+20  7.63665e+20  3.31118e+18  3.31118e+18 -3.31118e+18
  300.00  1.61924  7.73690e+20  7.73690e+20  7.73690e+20  3.81569e+18  3.81569e+18 -3.81569e+18
  300.00  1.64329  7.86434e+20  7.86434e+20  7.86434e+20  4.22719e+18  4.22719e+18 -4.22719e+18
  300.00  1.66733  8.01395e+20  8.01395e+20  8.01395e+20  4.53404e+18  4.53404e+18 -4.53404e+18
  300.00  1.69138  8.17997e+20  8.17997e+20  8.17997e+20  4.72736e+18  4.72736e+18 -4.72736e+18
  300.00  1.71543  8.35622e+20  8.35622e+20  8.35622e+20  4.80140e+18  4.80140e+18 -4.80140e+18
  300.00  1.73948  8.53644e+20  8.53644e+20  8.53644e+20  4.75383e+18  4.75383e+18 -4.75383e+18
  300.00  1.76353  8.71463e+20  8.71463e+20  8.71463e+20  4.58582e+18  4.58582e+18 -4.58582e+18
  300.00  1.78758  8.88527e+20  8.88527e+20  8.88527e+20  4.30198e+18  4.30198e+18 -4.30199e+18
  300.00  1.81162  9.04364e+20  9.04364e+20  9.04364e+20  3.91023e+18  3.91022e+18 -3.91023e+18
  300.00  1.83567  9.18596e+20  9.18596e+20  9.18596e+20  3.42141e+18  3.42141e+18 -3.42141e+18
  300.00  1.85972  9.30956e+20  9.30956e+20  9.30956e+20  2.84899e+18  2.84899e+18 -2.84899e+18
  300.00  1.88377  9.41296e+20  9.41296e+20  9.41296e+20  2.20855e+18  2.20855e+18 -2.20855e+18
  300.00  1.90782  9.49583e+20  9.49583e+20  9.49583e+20  1.51728e+18  1.51728e+18 -1.51729e+18
  300.00  1.93186  9.55895e+20  9.55895e+20  9.55895e+20  7.93498e+17  7.93498e+17 -7.93499e+17
  300.00  1.95591  9.60409e+20  9.60409e+20  9.60409e+20  5.60653e+16  5.60653e+16 -5.60666e+16
  300.00  1.97996  9.63383e+20  9.63383e+20  9.63383e+20 -6.76085e+17 -6.76084e+17  6.76083e+17
  300.00  2.00401  9.65134e+20  9.65134e+20  9.65134e+20 -1.38446e+18 -1.38446e+18  1.38446e+18
  300.00  2.02806  9.66016e+20  9.66016e+20  9.66016e+20 -2.05149e+18 -2.05149e+18  2.05149e+18
  300.00  2.05210  9.66397e+20  9.66397e+20  9.66397e+20 -2.66093e+18 -2.66093e+18  2.66093e+18
  300.00  2.07615  9.66630e+20  9.66630e+20  9.66630e+20 -3.19825e+18 -3.19824e+18  3.19824e+18
  300.00  2.10020  9.67037e+20  9.67037e+20  9.67037e+20 -3.65098e+18 -3.65098e+18  3.65098e+18
  300.00  2.12425  9.67887e+20  9.67887e+20  9.67887e+20 -4.00900e+18 -4.00900e+18  4.00900e+18
  300.00  2.14830  9.69382e+20  9.69382e+20  9.69382e+20 -4.26474e+18 -4.26474e+18  4.26474e+18
  300.00  2.17234  9.71649e+20  9.71649e+20  9.71649e+20 -4.41335e+18 -4.41334e+18  4.41334e+18
  300.00  2.19639  9.74733e+20  9.74733e+20  9.74733e+20 -4.45272e+18 -4.45272e+18  4.45272e+18
  300.00  2.22044  9.78602e+20  9.78602e+20  9.78602e+20 -4.38355e+18 -4.38355e+18  4.38355e+18
  300.00  2.24449  9.83148e+20  9.83148e+20  9.83148e+20 -4.20921e+18 -4.20920e+18  4.20921e+18
  300.00  2.26854  9.88199e+20  9.88199e+20  9.88199e+20 -3.93554e+18 -3.93554e+18  3.93554e+18
  300.00  2.29259  9.93538e+20  9.93538e+20  9.93538e+20 -3.57066e+18 -3.57066e+18  3.57066e+18
  300.00  2.31663  9.98910e+20  9.98910e+20  9.98910e+20 -3.12459e+18 -3.12459e+18  3.12459e+18
  300.00  2.34068  1.00405e+21  1.00405e+21  1.00405e+21 -2.60892e+18 -2.60892e+18  2.60892e+18
  300.00  2.36473  1.00870e+21  1.00870e+21  1.00870e+21 -2.03637e+18 -2.03637e+18  2.03637e+18
  300.00  2.38878  1.01261e+21  1.01261e+21  1.01261e+21 -1.42034e+18 -1.42034e+18  1.42034e+18
  300.00  2.41283  1.01558e+21  1.01558e+21  1.01558e+21 -7.74561e+17 -7.74560e+17  7.74560e+17
  300.00  2.43687  1.01747e+21  1.01747e+21  1.01747e+21 -1.12613e+17 -1.12612e+17  1.12611e+17
  300.00  2.46092  1.01817e+21  1.01817e+21  1.01817e+21  5.52383e+17  5.52384e+17 -5.52385e+17
  300.00  2.48497  1.01768e+21  1.01768e+21  1.01768e+21  1.20808e+18  1.20808e+18 -1.20809e+18
  300.00  2.50902  1.01603e+21  1.01603e+21  1.01603e+21  1.84316e+18  1.84316e+18 -1.84316e+18
  300.00  2.53307  1.01335e+21  1.01335e+21  1.01335e+21  2.44747e+18  2.44747e+18 -2.44747e+18
  300.00  2.55711  1.00979e+21  1.00979e+21  1.00979e+21  3.01217e+18  3.01217e+18 -3.01217e+18
  300.00  2.58116  1.00559e+21  1.00559e+21  1.00559e+21  3.52976e+18  3.52975e+18 -3.52976e+18
  300.00  2.60521  1.00102e+21  1.00102e+21  1.00102e+21  3.99409e+18  3.99408e+18 -3.99409e+18
  300.00  2.62926  9.96350e+20  9.96350e+20  9.96350e+20  4.40034e+18  4.40034e+18 -4.40034e+18
  300.00  2.65331  9.91894e+20  9.91894e+20  9.91894e+20  4.74500e+18  4.74500e+18 -4.74500e+18
  300.00  2.67735  9.87942e+20  9.87942e+20  9.87942e+20  5.02577e+18  5.02577e+18 -5.02577e+18
  300.00  2.70140  9.84765e+20  9.84765e+20  9.84765e+20  5.24156e+18  5.24156e+18 -5.24156e+18
  300.00  2.72545  9.82603e+20  9.82603e+20  9.82603e+20  5.39246e+18  5.39245e+18 -5.39246e+18
  300.00  2.74950  9.81649e+20  9.81649e+20  9.81649e+20  5.47971e+18  5.47971e+18 -5.47971e+18
  300.00  2.77355  9.82042e+20  9.82042e+20  9.82042e+20  5.50572e+18  5.50572e+18 -5.50572e+18
  300.00  2.79760  9.83862e+20  9.83862e+20  9.83862e+20  5.47406e+18  5.47406e+18 -5.47406e+18
  300.00  2.82164  9.87124e+20  9.87124e+20  9.87124e+20  5.38946e+18  5.38946e+18 -5.38946e+18
  300.00  2.84569  9.91779e+20  9.91779e+20  9.91779e+20  5.25778e+18  5.25778e+18 -5.25778e+18
  300.00  2.86974  9.97722e+20  9.97722e+20  9.97722e+20  5.08597e+18  5.08597e+18 -5.08597e+18
  300.00  2.89379  1.00479e+21  1.00479e+21  1.00479e+21  4.88197e+18  4.88197e+18 -4.88197e+18
  300.00  2.91784  1.01277e+21  1.01277e+21  1.01277e+21  4.65454e+18  4.65454e+18 -4.65454e+18
  300.00  2.94188  1.02144e+21  1.02144e+21  1.02144e+21  4.41304e+18  4.41304e+18 -4.41304e+18
  300.00  2.96593  1.03050e+21  1.03050e+21  1.03050e+21  4.16720e+18  4.16720e+18 -4.16719e+18
  300.00  2.98998  1.03970e+21  1.03970e+21  1.03970e+21  3.92672e+18  3.92672e+18 -3.92672e+18
  300.00  3.01403  1.04875e+21  1.04875e+21  1.04875e+21  3.70096e+18  3.70096e+18 -3.70096e+18
  300.00  3.03808  1.05737e+21  1.05737e+21  1.05737e+21  3.49850e+18  3.49851e+18 -3.49850e+18
  300.00  3.06212  1.06532e+21  1.06532e+21  1.06532e+21  3.32676e+18  3.32677e+18 -3.32676e+18
  300.00  3.08617  1.07239e+21  1.07239e+21  1.07239e+21  3.19160e+18  3.19160e+18 -3.19160e+18
  300.00  3.11022  1.07839e+21  1.07839e+21  1.07839e+21  3.09697e+18  3.09697e+18 -3.09697e+18
  300.00  3.13427  1.08318e+21  1.08318e+21  1.08318e+21  3.04467e+18  3.04467e+18 -3.04467e+18
  300.00  3.15832  1.08669e+21  1.08669e+21  1.08669e+21  3.03416e+18  3.03417e+18 -3.03416e+18
  300.00  3.18236  1.08886e+21  1.08886e+21  1.08886e+21  3.06248e+18  3.06248e+18 -3.06248e+18
  300.00  3.20641  1.08970e+21  1.08970e+21  1.08970e+21  3.12429e+18  3.12429e+18 -3.12429e+18
  300.00  3.23046  1.08926e+21  1.08926e+21  1.08926e+21  3.21206e+18  3.21206e+18 -3.21205e+18
  300.00  3.25451  1.08763e+21  1.08763e+21  1.08763e+21  3.31633e+18  3.31633e+18 -3.31633e+18
  300.00  3.27856  1.08494e+21  1.08494e+21  1.08494e+21  3.42615e+18  3.42615e+18 -3.42615e+18
  300.00  3.30261  1.08132e+21  1.08132e+21  1.08132e+21  3.52949e+18  3.52949e+18 -3.52949e+18
  300.00  3.32665  1.07696e+21  1.07696e+21  1.07696e+21  3.61384e+18  3.61384e+18 -3.61384e+18
  300.00  3.35070  1.07203e+21  1.07203e+21  1.07203e+21  3.66673e+18  3.66673e+18 -3.66673e+18
  300.00  3.37475  1.06672e+21  1.06672e+21  1.06672e+21  3.67634e+18  3.67634e+18 -3.67634e+18
  300.00  3.39880  1.06120e+21  1.06120e+21  1.06120e+21  3.63201e+18  3.63201e+18 -3.63200e+18
  300.00  3.42285  1.05564e+21  1.05564e+21  1.05564e+21  3.52469e+18  3.52470e+18 -3.52469e+18
  300.00  3.44689  1.05021e+21  1.05021e+21  1.05021e+21  3.34738e+18  3.34738e+18 -3.34738e+18
  300.00  3.47094  1.04502e+21  1.04502e+21  1.04502e+21  3.09529e+18  3.09529e+18 -3.09529e+18
  300.00  3.49499  1.04018e+21  1.04018e+21  1.04018e+21  2.76606e+18  2.76606e+18 -2.76606e+18
  300.00  3.51904  1.03577e+21  1.03577e+21  1.03577e+21  2.35972e+18  2.35972e+18 -2.35971e+18
  300.00  3.54309  1.03185e+21  1.03185e+21  1.03185e+21  1.87853e+18  1.87853e+18 -1.87853e+18
  300.00  3.56713  1.02842e+21  1.02842e+21  1.02842e+21  1.32679e+18  1.32679e+18 -1.32679e+18
  300.00  3.59118  1.02549e+21  1.02549e+21  1.02549e+21  7.10412e+17  7.10413e+17 -7.10412e+17
  300.00  3.61523  1.02303e+21  1.02303e+21  1.02303e+21  3.65441e+16  3.65449e+16 -3.65438e+16
  300.00  3.63928  1.02099e+21  1.02099e+21  1.02099e+21 -6.86939e+17 -6.86939e+17  6.86940e+17
  300.00  3.66333  1.01930e+21  1.01930e+21  1.01930e+21 -1.45191e+18 -1.45191e+18  1.45191e+18
  300.00  3.68737  1.01787e+21  1.01787e+21  1.01787e+21 -2.25046e+18 -2.25046e+18  2.25046e+18
  300.00  3.71142  1.01664e+21  1.01664e+21  1.01664e+21 -3.07531e+18 -3.07531e+18  3.07531e+18
  300.00  3.73547  1.01550e+21  1.01550e+21  1.01550e+21 -3.92013e+18 -3.92013e+18  3.92013e+18
  300.00  3.75952  1.01437e+21  1.01437e+21  1.01437e+21 -4.77979e+18 -4.77979e+18  4.77979e+18
  300.00  3.78357  1.01316e+21  1.01316e+21  1.01316e+21 -5.65044e+18 -5.65044e+18  5.65044e+18
  300.00  3.80762  1.01181e+21  1.01181e+21  1.01181e+21 -6.52950e+18 -6.52950e+18  6.52950e+18
  300.00  3.83166  1.01024e+21  1.01024e+21  1.01024e+21 -7.41554e+18 -7.41554e+18  7.41554e+18
  300.00  3.85571  1.00842e+21  1.00842e+21  1.00842e+21 -8.30800e+18 -8.30800e+18  8.30800e+18
  300.00  3.87976  1.00629e+21  1.00629e+21  1.00629e+21 -9.20687e+18 -9.20687e+18  9.20687e+18
  300.00  3.90381  1.00385e+21  1.00385e+21  1.00385e+21 -1.01123e+19 -1.01123e+19  1.01123e+19
  300.00  3.92786  1.00108e+21  1.00108e+21  1.00108e+21 -1.10240e+19 -1.10240e+19  1.10240e+19
  300.00  3.95190  9.97993e+20  9.97993e+20  9.97993e+20 -1.19412e+19 -1.19412e+19  1.19412e+19
  300.00  3.97595  9.94601e+20  9.94601e+20  9.94601e+20 -1.28616e+19 -1.28616e+19  1.28616e+19
  300.00  4.00000  9.90932e+20  9.90932e+20  9.90932e+20 -1.37819e+19 -1.37819e+19  1.37819e+19
