  300.00 -8.00000  1.57885e+20  1.57885e+20  1.57885e+20 -1.02031e+19 -1.02031e+19  1.02031e+19
  300.00 -7.97595  1.25758e+20  1.25758e+20  1.25758e+20 -5.11597e+18 -5.11598e+18  5.11597e+18
  300.00 -7.95190  1.02914e+20  1.02914e+20  1.02914e+20 -7.13612e+17 -7.13621e+17  7.13616e+17
  300.00 -7.92786  9.72734e+19  9.72734e+19  9.72734e+19  1.64534e+18  1.64533e+18 -1.64533e+18
  300.00 -7.90381  1.13987e+20  1.13987e+20  1.13987e+20  1.59833e+18  1.59831e+18 -1.59832e+18
  300.00 -7.87976  1.37537e+20  1.37537e+20  1.37537e+20 -8.14995e+17 -8.15006e+17  8.15003e+17
  300.00 -7.85571  1.46510e+20  1.46510e+20  1.46510e+20 -4.18567e+18 -4.18567e+18  4.18567e+18
  300.00 -7.83166  1.34427e+20  1.34427e+20  1.34427e+20 -5.63641e+18 -5.63640e+18  5.63640e+18
  300.00 -7.80762  1.20086e+20  1.20086e+20  1.20086e+20 -2.89197e+18 -2.89195e+18  2.89196e+18
  300.00 -7.78357  1.22362e+20  1.22362e+20  1.22362e+20  3.18505e+18  3.18505e+18 -3.18505e+18
  300.00 -7.75952  1.39924e+20  1.39924e+20  1.39924e+20  9.24510e+18  9.24510e+18 -9.24510e+18
  300.00 -7.73547  1.76342e+20  1.76342e+20  1.76342e+20  1.08934e+19  1.08934e+19 -1.08934e+19
  300.00 -7.71142  2.30976e+20  2.30976e+20  2.30976e+20  6.43540e+18  6.43541e+18 -6.43541e+18
  300.00 -7.68737  2.80165e+20  2.80165e+20  2.80165e+20 -1.11870e+18 -1.11869e+18  1.11870e+18
  300.00 -7.66333  2.95278e+20  2.95278e+20  2.95278e+20 -5.78562e+18 -5.78562e+18  5.78563e+18
  300.00 -7.63928  2.70713e+20  2.70714e+20  2.70714e+20 -5.02666e+18 -5.02665e+18  5.02666e+18
  300.00 -7.61523  2.42090e+20  2.42090e+20  2.42090e+20 -1.31855e+18 -1.31854e+18  1.31855e+18
  300.00 -7.59118  2.33963e+20  2.33963e+20  2.33963e+20 -4.04626e+16 -4.04575e+16  4.04604e+16
  300.00 -7.56713  2.26720e+20  2.26720e+20  2.26720e+20 -3.99235e+18 -3.99235e+18  3.99235e+18
  300.00 -7.54309  1.92872e+20  1.92872e+20  1.92872e+20 -9.37654e+18 -9.37654e+18  9.37653e+18
  300.00 -7.51904  1.44907e+20  1.44907e+20  1.44907e+20 -9.83756e+18 -9.83757e+18  9.83756e+18
  300.00 -7.49499  1.14599e+20  1.14599e+20  1.14599e+20 -4.79211e+18 -4.79211e+18  4.79211e+18
  300.00 -7.47094  1.17857e+20  1.17857e+20  1.17857e+20  1.40266e+18  1.40265e+18 -1.40266e+18
  300.00 -7.44689  1.44978e+20  1.44978e+20  1.44978e+20  4.77722e+18  4.77721e+18 -4.77721e+18
  300.00 -7.42285  1.74208e+20  1.74208e+20  1.74208e+20  2.58059e+18  2.58059e+18 -2.58059e+18
  300.00 -7.39880  1.89806e+20  1.89806e+20  1.89806e+20 -2.77397e+18 -2.77397e+18  2.77397e+18
  300.00 -7.37475  1.86497e+20  1.86497e+20  1.86497e+20 -5.65297e+18 -5.65297e+18  5.65297e+18
  300.00 -7.35070  1.70591e+20  1.70591e+20  1.70591e+20 -4.44450e+18 -4.44450e+18  4.44450e+18
  300.00 -7.32665  1.61443e+20  1.61443e+20  1.61443e+20 -1.43041e+18 -1.43041e+18  1.43041e+18
  300.00 -7.30261  1.74013e+20  1.74013e+20  1.74013e+20  2.67549e+18  2.67548e+18 -2.67549e+18
  300.00 -7.27856  2.08255e+20  2.08255e+20  2.08255e+20  7.64231e+18  7.64230e+18 -7.64230e+18
  300.00 -7.25451  2.60456e+20  2.60456e+20  2.60456e+20  1.03513e+19  1.03513e+19 -1.03513e+19
  300.00 -7.23046  3.20320e+20  3.20320e+20  3.20320e+20  7.80130e+18  7.80129e+18 -7.80130e+18
  300.00 -7.20641  3.51443e+20  3.51443e+20  3.51443e+20  1.85499e+18  1.85499e+18 -1.85499e+18
  300.00 -7.18236  3.32297e+20  3.32297e+20  3.32297e+20 -2.21448e+18 -2.21448e+18  2.21449e+18
  300.00 -7.15832  2.92409e+20  2.92409e+20  2.92409e+20 -2.46374e+18 -2.46374e+18  2.46375e+18
  300.00 -7.13427  2.62566e+20  2.62566e+20  2.62566e+20 -1.13314e+18 -1.13314e+18  1.13314e+18
  300.00 -7.11022  2.47014e+20  2.47014e+20  2.47014e+20  4.01268e+16  4.01303e+16 -4.01296e+16
  300.00 -7.08617  2.43502e+20  2.43502e+20  2.43502e+20  4.95723e+17  4.95723e+17 -4.95727e+17
  300.00 -7.06212  2.38900e+20  2.38900e+20  2.38900e+20 -8.58011e+16 -8.58062e+16  8.58013e+16
  300.00 -7.03808  2.37955e+20  2.37955e+20  2.37955e+20 -8.95251e+17 -8.95256e+17  8.95255e+17
  300.00 -7.01403  2.60634e+20  2.60634e+20  2.60634e+20 -1.52306e+18 -1.52306e+18  1.52306e+18
  300.00 -6.98998  3.01533e+20  3.01533e+20  3.01533e+20 -1.31381e+18 -1.31382e+18  1.31382e+18
  300.00 -6.96593  3.18480e+20  3.18480e+20  3.18480e+20  1.77543e+17  1.77536e+17 -1.77538e+17
  300.00 -6.94188  2.82392e+20  2.82392e+20  2.82392e+20  1.33875e+18  1.33875e+18 -1.33875e+18
  300.00 -6.91784  2.35982e+20  2.35982e+20  2.35982e+20  1.22937e+18  1.22937e+18 -1.22938e+18
  300.00 -6.89379  2.33984e+20  2.33984e+20  2.33984e+20  4.60032e+17  4.60030e+17 -4.60037e+17
  300.00 -6.86974  2.70688e+20  2.70688e+20  2.70688e+20  4.23440e+17  4.23435e+17 -4.23437e+17
  300.00 -6.84569  3.01266e+20  3.01266e+20  3.01266e+20  1.88571e+18  1.88571e+18 -1.88571e+18
  300.00 -6.82164  3.00361e+20  3.00361e+20  3.00361e+20  2.84121e+18  2.84121e+18 -2.84121e+18
  300.00 -6.79760  2.78141e+20  2.78141e+20  2.78141e+20  2.58774e+18  2.58773e+18 -2.58774e+18
  300.00 -6.77355  2.67184e+20  2.67184e+20  2.67184e+20  2.69641e+18  2.69641e+18 -2.69642e+18
  300.00 -6.74950  3.02543e+20  3.02543e+20  3.02543e+20  2.92646e+18  2.92648e+18 -2.92647e+18
  300.00 -6.72545  3.83709e+20  3.83709e+20  3.83709e+20  2.72468e+18  2.72470e+18 -2.72469e+18
  300.00 -6.70140  4.67739e+20  4.67739e+20  4.67739e+20  4.29806e+17  4.29817e+17 -4.29809e+17
  300.00 -6.67735  5.06992e+20  5.06992e+20  5.06992e+20 -4.11362e+18 -4.11363e+18  4.11362e+18
  300.00 -6.65331  4.73924e+20  4.73924e+20  4.73924e+20 -5.67740e+18 -5.67743e+18  5.67742e+18
  300.00 -6.62926  3.88320e+20  3.88320e+20  3.88320e+20 -3.30481e+18 -3.30483e+18  3.30482e+18
  300.00 -6.60521  3.07455e+20  3.07455e+20  3.07455e+20 -3.55645e+17 -3.55657e+17  3.55652e+17
  300.00 -6.58116  2.70236e+20  2.70236e+20  2.70236e+20  8.67959e+17  8.67954e+17 -8.67954e+17
  300.00 -6.55711  2.68408e+20  2.68408e+20  2.68408e+20 -2.55770e+17 -2.55772e+17  2.55772e+17
  300.00 -6.53307  2.88165e+20  2.88165e+20  2.88165e+20 -2.59741e+18 -2.59741e+18  2.59740e+18
  300.00 -6.50902  3.35432e+20  3.35432e+20  3.35432e+20 -3.71529e+18 -3.71529e+18  3.71528e+18
  300.00 -6.48497  3.98273e+20  3.98273e+20  3.98273e+20 -2.34046e+18 -2.34045e+18  2.34045e+18
  300.00 -6.46092  4.44429e+20  4.44429e+20  4.44429e+20 -4.49858e+17 -4.49842e+17  4.49848e+17
  300.00 -6.43687  4.66497e+20  4.66497e+20  4.66497e+20 -3.15472e+17 -3.15462e+17  3.15467e+17
  300.00 -6.41283  4.73009e+20  4.73009e+20  4.73009e+20  7.99507e+16  7.99527e+16 -7.99483e+16
  300.00 -6.38878  4.67751e+20  4.67751e+20  4.67751e+20  2.77289e+18  2.77289e+18 -2.77289e+18
  300.00 -6.36473  4.42535e+20  4.42535e+20  4.42535e+20  4.34036e+18  4.34036e+18 -4.34035e+18
  300.00 -6.34068  3.94905e+20  3.94905e+20  3.94905e+20  2.69246e+18  2.69246e+18 -2.69246e+18
  300.00 -6.31663  3.55368e+20  3.55368e+20  3.55368e+20  1.09020e+18  1.09020e+18 -1.09020e+18
  300.00 -6.29259  3.57392e+20  3.57392e+20  3.57392e+20  9.46572e+17  9.46575e+17 -9.46574e+17
  300.00 -6.26854  3.85965e+20  3.85965e+20  3.85965e+20  1.13511e+18  1.13511e+18 -1.13511e+18
  300.00 -6.24449  4.04107e+20  4.04107e+20  4.04107e+20  1.23017e+18  1.23018e+18 -1.23018e+18
  300.00 -6.22044  4.03961e+20  4.03961e+20  4.03961e+20  1.27400e+18  1.27400e+18 -1.27400e+18
  300.00 -6.19639  4.01324e+20  4.01324e+20  4.01324e+20  9.70495e+17  9.70501e+17 -9.70496e+17
  300.00 -6.17234  4.02629e+20  4.02629e+20  4.02629e+20  3.26327e+17  3.26327e+17 -3.26321e+17
  300.00 -6.14830  4.10591e+20  4.10591e+20  4.10591e+20 -7.73460e+17 -7.73464e+17  7.73466e+17
  300.00 -6.12425  4.38812e+20  4.38812e+20  4.38812e+20 -2.23060e+18 -2.23061e+18  2.23060e+18
  300.00 -6.10020  5.03121e+20  5.03121e+20  5.03121e+20 -2.80251e+18 -2.80252e+18  2.80252e+18
  300.00 -6.07615  5.63402e+20  5.63402e+20  5.63402e+20 -8.16117e+17 -8.16117e+17  8.16116e+17
  300.00 -6.05210  5.57555e+20  5.57555e+20  5.57555e+20  1.65024e+18  1.65025e+18 -1.65025e+18
  300.00 -6.02806  5.13961e+20  5.13961e+20  5.13961e+20  1.34490e+18  1.34490e+18 -1.34491e+18
  300.00 -6.00401  4.92820e+20  4.92820e+20  4.92820e+20 -5.71039e+17 -5.71032e+17  5.71030e+17
  300.00 -5.97996  4.80467e+20  4.80467e+20  4.80467e+20 -2.08187e+18 -2.08186e+18  2.08186e+18
  300.00 -5.95591  4.48657e+20  4.48657e+20  4.48657e+20 -1.95544e+18 -1.95544e+18  1.95544e+18
  300.00 -5.93186  4.22654e+20  4.22654e+20  4.22654e+20 -8.53682e+17 -8.53685e+17  8.53688e+17
  300.00 -5.90782  4.28163e+20  4.28163e+20  4.28163e+20 -5.28563e+17 -5.28566e+17  5.28571e+17
  300.00 -5.88377  4.47150e+20  4.47150e+20  4.47150e+20 -3.57373e+17 -3.57375e+17  3.57381e+17
  300.00 -5.85972  4.51644e+20  4.51644e+20  4.51644e+20  3.38456e+17  3.38457e+17 -3.38453e+17
  300.00 -5.83567  4.40355e+20  4.40355e+20  4.40355e+20  7.97469e+17  7.97472e+17 -7.97469e+17
  300.00 -5.81162  4.16955e+20  4.16955e+20  4.16955e+20  9.47074e+17  9.47079e+17 -9.47077e+17
  300.00 -5.78758  4.01894e+20  4.01894e+20  4.01894e+20  6.29283e+17  6.29288e+17 -6.29289e+17
  300.00 -5.76353  4.27885e+20  4.27885e+20  4.27885e+20 -1.44201e+17 -1.44202e+17  1.44197e+17
  300.00 -5.73948  4.88805e+20  4.88805e+20  4.88805e+20 -7.92008e+17 -7.92014e+17  7.92009e+17
  300.00 -5.71543  5.44920e+20  5.44920e+20  5.44920e+20 -4.00567e+17 -4.00573e+17  4.00573e+17
  300.00 -5.69138  5.60479e+20  5.60479e+20  5.60479e+20  8.53853e+16  8.53831e+16 -8.53803e+16
  300.00 -5.66733  5.29742e+20  5.29742e+20  5.29742e+20  2.10341e+17  2.10341e+17 -2.10340e+17
  300.00 -5.64329  4.82341e+20  4.82341e+20  4.82341e+20  5.61379e+17  5.61377e+17 -5.61380e+17
  300.00 -5.61924  4.45800e+20  4.45800e+20  4.45800e+20  1.90571e+17  1.90567e+17 -1.90571e+17
  300.00 -5.59519  4.24136e+20  4.24136e+20  4.24136e+20 -9.64658e+17 -9.64662e+17  9.64661e+17
  300.00 -5.57114  4.04922e+20  4.04922e+20  4.04922e+20 -1.79850e+18 -1.79850e+18  1.79851e+18
  300.00 -5.54709  3.95278e+20  3.95278e+20  3.95278e+20 -1.42216e+18 -1.42217e+18  1.42217e+18
  300.00 -5.52305  4.12748e+20  4.12748e+20  4.12748e+20 -1.81748e+17 -1.81750e+17  1.81753e+17
  300.00 -5.49900  4.35680e+20  4.35680e+20  4.35680e+20  6.58741e+17  6.58738e+17 -6.58737e+17
  300.00 -5.47495  4.32557e+20  4.32557e+20  4.32557e+20  5.60499e+17  5.60497e+17 -5.60497e+17
  300.00 -5.45090  4.10219e+20  4.10219e+20  4.10219e+20  1.28382e+17  1.28383e+17 -1.28383e+17
  300.00 -5.42685  3.88780e+20  3.88780e+20  3.88780e+20  3.08379e+17  3.08381e+17 -3.08382e+17
  300.00 -5.40281  3.78543e+20  3.78543e+20  3.78543e+20  7.99648e+17  7.99647e+17 -7.99650e+17
  300.00 -5.37876  3.88120e+20  3.88120e+20  3.88120e+20  7.61293e+17  7.61291e+17 -7.61292e+17
  300.00 -5.35471  4.07577e+20  4.07577e+20  4.07577e+20  3.82909e+17  3.82907e+17 -3.82907e+17
  300.00 -5.33066  4.20776e+20  4.20776e+20  4.20776e+20  1.02873e+17  1.02874e+17 -1.02874e+17
  300.00 -5.30661  4.09919e+20  4.09919e+20  4.09919e+20 -1.22515e+17 -1.22511e+17  1.22507e+17
  300.00 -5.28257  3.73168e+20  3.73168e+20  3.73168e+20 -1.04359e+17 -1.04353e+17  1.04347e+17
  300.00 -5.25852  3.34860e+20  3.34860e+20  3.34860e+20  7.44124e+17  7.44128e+17 -7.44135e+17
  300.00 -5.23447  3.14710e+20  3.14710e+20  3.14710e+20  1.23502e+18  1.23502e+18 -1.23502e+18
  300.00 -5.21042  3.18323e+20  3.18323e+20  3.18323e+20  2.34406e+17  2.34405e+17 -2.34406e+17
  300.00 -5.18637  3.57979e+20  3.57979e+20  3.57979e+20 -1.07733e+18 -1.07733e+18  1.07734e+18
  300.00 -5.16232  4.24560e+20  4.24560e+20  4.24560e+20 -1.64061e+18 -1.64061e+18  1.64061e+18
  300.00 -5.13828  4.69859e+20  4.69859e+20  4.69859e+20 -1.43647e+18 -1.43647e+18  1.43647e+18
  300.00 -5.11423  4.68913e+20  4.68913e+20  4.68913e+20 -9.62101e+17 -9.62103e+17  9.62100e+17
  300.00 -5.09018  4.24179e+20  4.24179e+20  4.24179e+20 -2.36689e+17 -2.36691e+17  2.36688e+17
  300.00 -5.06613  3.64696e+20  3.64696e+20  3.64696e+20 -1.25882e+17 -1.25886e+17  1.25883e+17
  300.00 -5.04208  3.47521e+20  3.47521e+20  3.47521e+20 -9.52753e+17 -9.52758e+17  9.52757e+17
  300.00 -5.01804  3.80200e+20  3.80200e+20  3.80200e+20 -1.77359e+18 -1.77360e+18  1.77360e+18
  300.00 -4.99399  4.20414e+20  4.20414e+20  4.20414e+20 -1.77661e+18 -1.77661e+18  1.77661e+18
  300.00 -4.96994  4.41654e+20  4.41654e+20  4.41654e+20 -1.27803e+18 -1.27803e+18  1.27803e+18
  300.00 -4.94589  4.41972e+20  4.41972e+20  4.41972e+20 -1.27183e+18 -1.27183e+18  1.27184e+18
  300.00 -4.92184  4.37132e+20  4.37132e+20  4.37132e+20 -1.53111e+18 -1.53111e+18  1.53111e+18
  300.00 -4.89780  4.44614e+20  4.44614e+20  4.44614e+20 -1.92017e+18 -1.92017e+18  1.92017e+18
  300.00 -4.87375  4.36485e+20  4.36485e+20  4.36485e+20 -2.36114e+18 -2.36115e+18  2.36114e+18
  300.00 -4.84970  4.01517e+20  4.01517e+20  4.01517e+20 -1.70744e+18 -1.70744e+18  1.70744e+18
  300.00 -4.82565  3.84142e+20  3.84142e+20  3.84142e+20 -2.41421e+17 -2.41420e+17  2.41423e+17
  300.00 -4.80160  4.07426e+20  4.07427e+20  4.07426e+20  7.15127e+16  7.15163e+16 -7.15120e+16
  300.00 -4.77756  4.30002e+20  4.30003e+20  4.30003e+20 -1.45010e+18 -1.45009e+18  1.45010e+18
  300.00 -4.75351  4.05911e+20  4.05914e+20  4.05912e+20 -2.99202e+18 -2.99202e+18  2.99202e+18
  300.00 -4.72946  3.50861e+20  3.50869e+20  3.50864e+20 -2.99999e+18 -2.99999e+18  2.99999e+18
  300.00 -4.70541  3.11204e+20  3.11223e+20  3.11212e+20 -1.74079e+18 -1.74079e+18  1.74079e+18
  300.00 -4.68136  3.25986e+20  3.26033e+20  3.26004e+20  7.90805e+15  7.90840e+15 -7.90636e+15
  300.00 -4.65731  3.96732e+20  3.96850e+20  3.96778e+20  1.52074e+18  1.52074e+18 -1.52074e+18
  300.00 -4.63327  4.87376e+20  4.87656e+20  4.87484e+20  1.78915e+18  1.78915e+18 -1.78916e+18
  300.00 -4.60922  5.49374e+20  5.49983e+20  5.49611e+20  4.38666e+17  4.38661e+17 -4.38666e+17
  300.00 -4.58517  5.64829e+20  5.65923e+20  5.65254e+20 -6.31629e+17 -6.31636e+17  6.31632e+17
  300.00 -4.56112  5.62467e+20  5.63883e+20  5.63017e+20 -6.66246e+17 -6.66250e+17  6.66250e+17
  300.00 -4.53707  5.53117e+20  5.54325e+20  5.53586e+20 -3.12464e+17 -3.12464e+17  3.12468e+17
  300.00 -4.51303  5.29101e+20  5.29819e+20  5.29379e+20  2.52186e+17  2.52190e+17 -2.52183e+17
  300.00 -4.48898  5.02351e+20  5.02693e+20  5.02483e+20  1.16503e+18  1.16504e+18 -1.16503e+18
  300.00 -4.46493  4.85415e+20  4.85561e+20  4.85472e+20  1.47981e+18  1.47981e+18 -1.47981e+18
  300.00 -4.44088  4.67506e+20  4.67566e+20  4.67529e+20  4.95919e+17  4.95913e+17 -4.95918e+17
  300.00 -4.41683  4.53253e+20  4.53277e+20  4.53262e+20 -5.00267e+17 -5.00275e+17  5.00269e+17
  300.00 -4.39279  4.54206e+20  4.54215e+20  4.54209e+20 -4.72577e+17 -4.72581e+17  4.72577e+17
  300.00 -4.36874  4.54996e+20  4.54999e+20  4.54997e+20 -1.35639e+17 -1.35639e+17  1.35638e+17
  300.00 -4.34469  4.62394e+20  4.62395e+20  4.62394e+20 -3.47793e+17 -3.47793e+17  3.47796e+17
  300.00 -4.32064  4.97739e+20  4.97739e+20  4.97739e+20 -8.23929e+17 -8.23928e+17  8.23932e+17
  300.00 -4.29659  5.62606e+20  5.62607e+20  5.62607e+20 -8.81075e+17 -8.81073e+17  8.81075e+17
  300.00 -4.27255  6.48305e+20  6.48305e+20  6.48305e+20 -5.92947e+17 -5.92947e+17  5.92946e+17
  300.00 -4.24850  7.35049e+20  7.35049e+20  7.35049e+20 -2.43030e+17 -2.43031e+17  2.43031e+17
  300.00 -4.22445  7.85875e+20  7.85875e+20  7.85875e+20  3.26270e+17  3.26269e+17 -3.26266e+17
  300.00 -4.20040  7.78249e+20  7.78249e+20  7.78249e+20  1.08663e+18  1.08663e+18 -1.08663e+18
  300.00 -4.17635  7.38235e+20  7.38235e+20  7.38235e+20  1.83887e+18  1.83887e+18 -1.83887e+18
  300.00 -4.15230  6.98598e+20  6.98598e+20  6.98598e+20  2.61649e+18  2.61650e+18 -2.61649e+18
  300.00 -4.12826  6.50670e+20  6.50670e+20  6.50670e+20  3.08566e+18  3.08567e+18 -3.08566e+18
  300.00 -4.10421  5.87267e+20  5.87267e+20  5.87267e+20  2.69622e+18  2.69623e+18 -2.69623e+18
  300.00 -4.08016  5.38122e+20  5.38122e+20  5.38122e+20  8.36602e+17  8.36607e+17 -8.36611e+17
  300.00 -4.05611  5.18171e+20  5.18171e+20  5.18171e+20 -2.01255e+18 -2.01255e+18  2.01255e+18
  300.00 -4.03206  5.38515e+20  5.38515e+20  5.38515e+20 -3.40052e+18 -3.40052e+18  3.40052e+18
  300.00 -4.00802  6.14181e+20  6.14181e+20  6.14181e+20 -2.40799e+18 -2.40800e+18  2.40800e+18
  300.00 -3.98397  7.05806e+20  7.05806e+20  7.05806e+20 -5.55738e+17 -5.55763e+17  5.55753e+17
  300.00 -3.95992  7.41088e+20  7.41088e+20  7.41088e+20 -2.03220e+17 -2.03287e+17  2.03263e+17
  300.00 -3.93587  7.29553e+20  7.29553e+20  7.29554e+20 -9.71359e+17 -9.71530e+17  9.71465e+17
  300.00 -3.91182  7.20318e+20  7.20318e+20  7.20318e+20 -1.39760e+18 -1.39801e+18  1.39784e+18
  300.00 -3.88778  7.07617e+20  7.07617e+20  7.07618e+20 -1.48243e+18 -1.48342e+18  1.48299e+18
  300.00 -3.86373  6.96922e+20  6.96922e+20  6.96924e+20 -1.50866e+18 -1.51090e+18  1.50989e+18
  300.00 -3.83968  7.16052e+20  7.16051e+20  7.16055e+20 -2.90365e+17 -2.94943e+17  2.92772e+17
  300.00 -3.81563  7.65385e+20  7.65381e+20  7.65388e+20  2.53346e+18  2.52548e+18 -2.52939e+18
  300.00 -3.79158  8.21134e+20  8.21127e+20  8.21137e+20  4.64353e+18  4.63323e+18 -4.63843e+18
  300.00 -3.76754  8.33734e+20  8.33726e+20  8.33737e+20  3.14119e+18  3.13336e+18 -3.13783e+18
  300.00 -3.74349  7.79711e+20  7.79704e+20  7.79714e+20 -5.60755e+17 -5.61761e+17  5.59628e+17
  300.00 -3.71944  7.12031e+20  7.12024e+20  7.12034e+20 -2.69928e+18 -2.69291e+18  2.69323e+18
  300.00 -3.69539  7.00478e+20  7.00472e+20  7.00481e+20 -2.38216e+18 -2.37189e+18  2.37375e+18
  300.00 -3.67134  7.36367e+20  7.36362e+20  7.36369e+20 -9.47164e+17 -9.38331e+17  9.39670e+17
  300.00 -3.64729  7.74409e+20  7.74402e+20  7.74410e+20 -1.23794e+16 -7.13803e+15  6.02621e+15
  300.00 -3.62325  8.33212e+20  8.33202e+20  8.33213e+20  3.47818e+16  3.71204e+16 -4.17129e+16
  300.00 -3.59920  9.18837e+20  9.18824e+20  9.18840e+20  3.52591e+17  3.52582e+17 -3.60354e+17
  300.00 -3.57515  9.82287e+20  9.82274e+20  9.82291e+20 -3.60407e+17 -3.62160e+17  3.53817e+17
  300.00 -3.55110  9.68506e+20  9.68499e+20  9.68512e+20 -3.07855e+18 -3.08064e+18  3.07430e+18
  300.00 -3.52705  8.89946e+20  8.89945e+20  8.89954e+20 -3.66788e+18 -3.66960e+18  3.66508e+18
  300.00 -3.50301  8.31255e+20  8.31259e+20  8.31266e+20 -1.86460e+18 -1.86598e+18  1.86182e+18
  300.00 -3.47896  8.38527e+20  8.38532e+20  8.38539e+20 -1.00205e+18 -1.00300e+18  9.98770e+17
  300.00 -3.45491  8.65098e+20  8.65102e+20  8.65108e+20 -2.01020e+18 -2.01086e+18  2.00762e+18
  300.00 -3.43086  8.35463e+20  8.35465e+20  8.35469e+20 -2.71771e+18 -2.71833e+18  2.71676e+18
  300.00 -3.40681  7.74963e+20  7.74964e+20  7.74966e+20 -1.16721e+18 -1.16777e+18  1.16726e+18
  300.00 -3.38277  7.62604e+20  7.62605e+20  7.62606e+20  5.38697e+16  5.34985e+16 -5.36399e+16
  300.00 -3.35872  7.94346e+20  7.94346e+20  7.94347e+20 -8.31992e+17 -8.32186e+17  8.32140e+17
  300.00 -3.33467  8.07457e+20  8.07457e+20  8.07457e+20 -1.25495e+18 -1.25503e+18  1.25502e+18
  300.00 -3.31062  7.64432e+20  7.64432e+20  7.64432e+20  1.00525e+18  1.00521e+18 -1.00522e+18
  300.00 -3.28657  7.11775e+20  7.11775e+20  7.11775e+20  4.49398e+18  4.49396e+18 -4.49396e+18
  300.00 -3.26253  7.28279e+20  7.28279e+20  7.28279e+20  7.47122e+18  7.47119e+18 -7.47120e+18
  300.00 -3.23848  8.28340e+20  8.28340e+20  8.28340e+20  6.35269e+18  6.35267e+18 -6.35268e+18
  300.00 -3.21443  9.09141e+20  9.09141e+20  9.09141e+20 -1.56028e+17 -1.56034e+17  1.56034e+17
  300.00 -3.19038  8.95867e+20  8.95867e+20  8.95867e+20 -3.49702e+18 -3.49702e+18  3.49702e+18
  300.00 -3.16633  8.41514e+20  8.41514e+20  8.41514e+20 -7.34161e+17 -7.34148e+17  7.34149e+17
  300.00 -3.14228  8.06487e+20  8.06487e+20  8.06487e+20  1.81217e+18  1.81219e+18 -1.81219e+18
  300.00 -3.11824  7.96654e+20  7.96654e+20  7.96654e+20  3.47849e+17  3.47866e+17 -3.47867e+17
  300.00 -3.09419  7.87079e+20  7.87079e+20  7.87079e+20 -2.10299e+18 -2.10298e+18  2.10298e+18
  300.00 -3.07014  7.65232e+20  7.65232e+20  7.65232e+20 -2.79893e+18 -2.79893e+18  2.79893e+18
  300.00 -3.04609  7.66991e+20  7.66991e+20  7.66991e+20 -3.34282e+18 -3.34282e+18  3.34282e+18
  300.00 -3.02204  8.32107e+20  8.32107e+20  8.32107e+20 -5.29343e+18 -5.29345e+18  5.29344e+18
  300.00 -2.99800  9.52348e+20  9.52348e+20  9.52348e+20 -7.11510e+18 -7.11512e+18  7.11511e+18
  300.00 -2.97395  1.06339e+21  1.06339e+21  1.06339e+21 -7.12990e+18 -7.12993e+18  7.12991e+18
  300.00 -2.94990  1.06320e+21  1.06320e+21  1.06320e+21 -4.88928e+18 -4.88929e+18  4.88928e+18
  300.00 -2.92585  9.63108e+20  9.63108e+20  9.63108e+20 -9.04788e+17 -9.04776e+17  9.04783e+17
  300.00 -2.90180  8.69609e+20  8.69609e+20  8.69609e+20  2.13362e+18  2.13363e+18 -2.13362e+18
  300.00 -2.87776  8.38853e+20  8.38853e+20  8.38853e+20  5.00271e+18  5.00272e+18 -5.00272e+18
  300.00 -2.85371  8.64514e+20  8.64514e+20  8.64514e+20  8.58908e+18  8.58908e+18 -8.58909e+18
  300.00 -2.82966  9.15460e+20  9.15460e+20  9.15460e+20  8.60576e+18  8.60577e+18 -8.60577e+18
  300.00 -2.80561  9.45734e+20  9.45734e+20  9.45734e+20  4.01650e+18  4.01651e+18 -4.01651e+18
  300.00 -2.78156  9.32459e+20  9.32459e+20  9.32459e+20  7.19074e+17  7.19080e+17 -7.19079e+17
  300.00 -2.75752  8.68639e+20  8.68639e+20  8.68639e+20  1.14295e+18  1.14295e+18 -1.14295e+18
  300.00 -2.73347  7.76732e+20  7.76732e+20  7.76732e+20  2.90874e+18  2.90875e+18 -2.90875e+18
  300.00 -2.70942  7.39911e+20  7.39911e+20  7.39911e+20  1.95924e+18  1.95924e+18 -1.95923e+18
  300.00 -2.68537  8.27635e+20  8.27635e+20  8.27635e+20 -8.74534e+17 -8.74541e+17  8.74551e+17
  300.00 -2.66132  9.94778e+20  9.94778e+20  9.94778e+20  3.86011e+16  3.85905e+16 -3.85854e+16
  300.00 -2.63727  1.09837e+21  1.09837e+21  1.09837e+21  4.24975e+18  4.24974e+18 -4.24974e+18
  300.00 -2.61323  1.06353e+21  1.06353e+21  1.06353e+21  5.32477e+18  5.32477e+18 -5.32477e+18
  300.00 -2.58918  9.93700e+20  9.93700e+20  9.93700e+20  2.43295e+18  2.43295e+18 -2.43294e+18
  300.00 -2.56513  9.94466e+20  9.94466e+20  9.94466e+20 -3.23542e+17 -3.23538e+17  3.23550e+17
  300.00 -2.54108  1.06054e+21  1.06054e+21  1.06054e+21 -2.45612e+17 -2.45611e+17  2.45613e+17
  300.00 -2.51703  1.09345e+21  1.09345e+21  1.09345e+21  7.80369e+17  7.80366e+17 -7.80387e+17
  300.00 -2.49299  1.03746e+21  1.03746e+21  1.03746e+21  1.48822e+18  1.48821e+18 -1.48824e+18
  300.00 -2.46894  9.40058e+20  9.40058e+20  9.40058e+20  2.89096e+18  2.89094e+18 -2.89097e+18
  300.00 -2.44489  8.50603e+20  8.50603e+20  8.50603e+20  3.13954e+18  3.13952e+18 -3.13954e+18
  300.00 -2.42084  7.98760e+20  7.98760e+20  7.98760e+20  1.77779e+18  1.77778e+18 -1.77779e+18
  300.00 -2.39679  7.97886e+20  7.97886e+20  7.97886e+20  1.18765e+18  1.18764e+18 -1.18764e+18
  300.00 -2.37275  8.06054e+20  8.06054e+20  8.06054e+20  2.09554e+18  2.09554e+18 -2.09555e+18
  300.00 -2.34870  8.15544e+20  8.15544e+20  8.15544e+20  2.45289e+18  2.45289e+18 -2.45290e+18
  300.00 -2.32465  8.58148e+20  8.58148e+20  8.58148e+20  1.64516e+18  1.64517e+18 -1.64517e+18
  300.00 -2.30060  9.18979e+20  9.18979e+20  9.18979e+20  6.05895e+17  6.05901e+17 -6.05901e+17
  300.00 -2.27655  9.64200e+20  9.64200e+20  9.64200e+20 -1.43160e+18 -1.43160e+18  1.43160e+18
  300.00 -2.25251  9.40387e+20  9.40387e+20  9.40387e+20 -4.27621e+18 -4.27621e+18  4.27621e+18
  300.00 -2.22846  8.89122e+20  8.89122e+20  8.89122e+20 -4.80204e+18 -4.80204e+18  4.80204e+18
  300.00 -2.20441  9.15281e+20  9.15281e+20  9.15281e+20 -2.47128e+18 -2.47129e+18  2.47128e+18
  300.00 -2.18036  9.96077e+20  9.96077e+20  9.96077e+20  4.39268e+17  4.39260e+17 -4.39263e+17
  300.00 -2.15631  1.02536e+21  1.02536e+21  1.02536e+21  5.65142e+17  5.65132e+17 -5.65139e+17
  300.00 -2.13226  9.94590e+20  9.94590e+20  9.94590e+20 -3.03223e+18 -3.03223e+18  3.03222e+18
  300.00 -2.10822  9.82335e+20  9.82335e+20  9.82335e+20 -5.43849e+18 -5.43849e+18  5.43848e+18
  300.00 -2.08417  9.86206e+20  9.86206e+20  9.86206e+20 -5.48232e+18 -5.48231e+18  5.48231e+18
  300.00 -2.06012  9.82539e+20  9.82539e+20  9.82539e+20 -6.55411e+18 -6.55408e+18  6.55410e+18
  300.00 -2.03607  1.02301e+21  1.02301e+21  1.02301e+21 -7.67061e+18 -7.67054e+18  7.67057e+18
  300.00 -2.01202  1.09616e+21  1.09616e+21  1.09616e+21 -3.91348e+18 -3.91331e+18  3.91339e+18
  300.00 -1.98798  1.11361e+21  1.11361e+21  1.11361e+21  1.24551e+18  1.24595e+18 -1.24575e+18
  300.00 -1.96393  1.05986e+21  1.05986e+21  1.05986e+21  1.39554e+18  1.39665e+18 -1.39612e+18
  300.00 -1.93988  9.78597e+20  9.78597e+20  9.78599e+20 -1.77285e+18 -1.77005e+18  1.77139e+18
  300.00 -1.91583  9.11028e+20  9.11030e+20  9.11034e+20 -5.96701e+18 -5.95993e+18  5.96333e+18
  300.00 -1.89178  8.52390e+20  8.52395e+20  8.52405e+20 -7.46408e+18 -7.44620e+18  7.45481e+18
  300.00 -1.86774  7.77691e+20  7.77702e+20  7.77727e+20 -3.13959e+18 -3.09458e+18  3.11628e+18
  300.00 -1.84369  7.21537e+20  7.21566e+20  7.21629e+20  1.99177e+18  2.10410e+18 -2.04998e+18
  300.00 -1.81964  7.37153e+20  7.37222e+20  7.37374e+20  3.15895e+18  3.43282e+18 -3.30113e+18
  300.00 -1.79559  8.07389e+20  8.07548e+20  8.07897e+20  5.03219e+18  5.66353e+18 -5.36129e+18
  300.00 -1.77154  8.88222e+20  8.88538e+20  8.89233e+20  7.63447e+18  8.91940e+18 -8.31090e+18
  300.00 -1.74749  9.72981e+20  9.73456e+20  9.74518e+20  4.33054e+18  6.40000e+18 -5.44593e+18
  300.00 -1.72345  1.01929e+21  1.01977e+21  1.02084e+21 -4.16702e+18 -1.73649e+18  2.78405e+18
  300.00 -1.69940  1.01345e+21  1.01382e+21  1.01447e+21 -7.60240e+18 -5.33590e+18  6.16850e+18
  300.00 -1.67535  1.01641e+21  1.01687e+21  1.01702e+21 -6.24118e+16  2.00286e+18 -1.43342e+18
  300.00 -1.65130  1.04928e+21  1.04992e+21  1.04976e+21  7.64317e+18  9.52693e+18 -9.14422e+18
  300.00 -1.62725  1.10469e+21  1.10529e+21  1.10505e+21  5.06491e+18  6.48387e+18 -6.24338e+18
  300.00 -1.60321  1.17185e+21  1.17223e+21  1.17205e+21 -1.27336e+18 -4.66803e+17  5.98264e+17
  300.00 -1.57916  1.25268e+21  1.25289e+21  1.25273e+21 -2.50753e+18 -2.14990e+18  2.22190e+18
  300.00 -1.55511  1.33829e+21  1.33846e+21  1.33821e+21  1.15688e+18  1.25134e+18 -1.19059e+18
  300.00 -1.53106  1.34641e+21  1.34666e+21  1.34614e+21  5.51871e+18  5.41719e+18 -5.31887e+18
  300.00 -1.50701  1.18299e+21  1.18349e+21  1.18234e+21  1.00757e+19  9.72397e+18 -9.52096e+18
  300.00 -1.48297  9.21811e+20  9.22762e+20  9.20554e+20  1.27307e+19  1.20131e+19 -1.16285e+19
  300.00 -1.45892  7.22428e+20  7.23792e+20  7.20614e+20  8.99064e+18  7.94615e+18 -7.39381e+18
  300.00 -1.43487  6.12314e+20  6.13624e+20  6.10571e+20  8.68396e+17 -1.37587e+17  6.67960e+17
  300.00 -1.41082  5.68862e+20  5.69714e+20  5.67728e+20 -2.71578e+18 -3.37028e+18  3.71506e+18
  300.00 -1.38677  5.69266e+20  5.69692e+20  5.68699e+20 -2.19535e+18 -2.52233e+18  2.69451e+18
  300.00 -1.36273  5.50674e+20  5.50860e+20  5.50427e+20 -1.69835e+18 -1.83984e+18  1.91429e+18
  300.00 -1.33868  5.15121e+20  5.15197e+20  5.15019e+20 -1.22494e+18 -1.27961e+18  1.30825e+18
  300.00 -1.31463  5.05099e+20  5.05129e+20  5.05058e+20 -8.16169e+17 -8.29163e+17  8.35611e+17
  300.00 -1.29058  5.28690e+20  5.28699e+20  5.28673e+20 -1.19119e+18 -1.17385e+18  1.16372e+18
  300.00 -1.26653  5.96574e+20  5.96573e+20  5.96568e+20 -1.98584e+18 -1.92316e+18  1.88764e+18
  300.00 -1.24248  7.09143e+20  7.09131e+20  7.09140e+20 -2.30147e+18 -2.14274e+18  2.05302e+18
  300.00 -1.21844  8.63442e+20  8.63412e+20  8.63441e+20 -2.53897e+18 -2.17930e+18  1.97583e+18
  300.00 -1.19439  1.04841e+21  1.04835e+21  1.04841e+21 -2.64236e+18 -1.94891e+18  1.55566e+18
  300.00 -1.17034  1.19020e+21  1.19011e+21  1.19020e+21 -1.53502e+18 -5.34473e+17 -3.52604e+16
  300.00 -1.14629  1.23472e+21  1.23465e+21  1.23473e+21 -1.49605e+17  8.13636e+17 -1.36480e+18
  300.00 -1.12224  1.22942e+21  1.22937e+21  1.22942e+21  7.79642e+16  7.05379e+17 -1.06574e+18
  300.00 -1.09820  1.23138e+21  1.23135e+21  1.23138e+21 -1.23920e+18 -9.24933e+17  7.44119e+17
  300.00 -1.07415  1.27226e+21  1.27225e+21  1.27226e+21 -2.86813e+18 -2.73049e+18  2.65143e+18
  300.00 -1.05010  1.32748e+21  1.32748e+21  1.32748e+21 -5.34022e+18 -5.28284e+18  5.25041e+18
  300.00 -1.02605  1.32087e+21  1.32086e+21  1.32087e+21 -8.74937e+18 -8.72440e+18  8.71168e+18
  300.00 -1.00200  1.22524e+21  1.22522e+21  1.22523e+21 -1.02227e+19 -1.02079e+19  1.02036e+19
  300.00 -0.97796  1.12614e+21  1.12610e+21  1.12613e+21 -1.11382e+19 -1.11199e+19  1.11201e+19
  300.00 -0.95391  1.07358e+21  1.07349e+21  1.07355e+21 -8.96283e+18 -8.92439e+18  8.92914e+18
  300.00 -0.92986  9.99816e+20  9.99597e+20  9.99744e+20  4.54565e+18  4.63798e+18 -4.62451e+18
  300.00 -0.90581  8.44808e+20  8.44284e+20  8.44635e+20  1.85488e+19  1.87689e+19 -1.87360e+19
  300.00 -0.88176  6.74681e+20  6.73523e+20  6.74299e+20  1.89510e+19  1.94373e+19 -1.93643e+19
  300.00 -0.85772  5.80326e+20  5.78172e+20  5.79616e+20  1.21571e+19  1.30615e+19 -1.29256e+19
  300.00 -0.83367  5.98082e+20  5.95145e+20  5.97113e+20  5.00574e+18  6.23863e+18 -6.05333e+18
  300.00 -0.80962  7.04976e+20  7.02326e+20  7.04101e+20 -6.02931e+17  5.09693e+17 -3.42468e+17
  300.00 -0.78557  8.07020e+20  8.05377e+20  8.06478e+20 -2.72368e+18 -2.03415e+18  2.13779e+18
  300.00 -0.76152  8.08052e+20  8.07252e+20  8.07788e+20 -1.59310e+18 -1.25732e+18  1.30779e+18
  300.00 -0.73747  7.55205e+20  7.54860e+20  7.55091e+20  7.47399e+17  8.92277e+17 -8.70511e+17
  300.00 -0.71343  7.37757e+20  7.37616e+20  7.37710e+20  1.41830e+18  1.47760e+18 -1.46871e+18
  300.00 -0.68938  7.42657e+20  7.42600e+20  7.42637e+20  5.62732e+16  8.00858e+16 -7.65583e+16
  300.00 -0.66533  7.47458e+20  7.47433e+20  7.47445e+20 -1.63531e+18 -1.62566e+18  1.62699e+18
  300.00 -0.64128  7.79677e+20  7.79662e+20  7.79661e+20 -1.75097e+18 -1.74666e+18  1.74699e+18
  300.00 -0.61723  8.25916e+20  8.25898e+20  8.25883e+20 -4.00421e+17 -3.97469e+17  3.97132e+17
  300.00 -0.59319  8.70625e+20  8.70590e+20  8.70548e+20  1.30650e+17  1.34861e+17 -1.36145e+17
  300.00 -0.56914  9.46419e+20  9.46340e+20  9.46239e+20  2.28682e+15  1.09322e+16 -1.41319e+16
  300.00 -0.54509  1.04369e+21  1.04353e+21  1.04332e+21  4.77235e+16  6.50807e+16 -7.19429e+16
  300.00 -0.52104  1.11118e+21  1.11090e+21  1.11055e+21 -1.20115e+18 -1.17335e+18  1.16156e+18
  300.00 -0.49699  1.12990e+21  1.12958e+21  1.12917e+21 -5.80513e+18 -5.77464e+18  5.76044e+18
  300.00 -0.47295  1.09999e+21  1.09975e+21  1.09943e+21 -1.23489e+19 -1.23269e+19  1.23157e+19
  300.00 -0.44890  1.07406e+21  1.07393e+21  1.07375e+21 -1.50175e+19 -1.50058e+19  1.49995e+19
  300.00 -0.42485  1.07842e+21  1.07835e+21  1.07827e+21 -1.26331e+19 -1.26281e+19  1.26252e+19
  300.00 -0.40080  1.04685e+21  1.04682e+21  1.04679e+21 -1.17737e+19 -1.17722e+19  1.17709e+19
  300.00 -0.37675  9.56598e+20  9.56585e+20  9.56569e+20 -1.41698e+19 -1.41706e+19  1.41701e+19
  300.00 -0.35271  8.68382e+20  8.68369e+20  8.68359e+20 -1.45719e+19 -1.45759e+19  1.45756e+19
  300.00 -0.32866  8.50470e+20  8.50448e+20  8.50435e+20 -9.65065e+18 -9.66114e+18  9.66082e+18
  300.00 -0.30461  8.77115e+20  8.77066e+20  8.77038e+20 -4.64923e+18 -4.67469e+18  4.67410e+18
  300.00 -0.28056  8.80746e+20  8.80638e+20  8.80578e+20  1.23377e+18  1.17710e+18 -1.17835e+18
  300.00 -0.25651  8.66440e+20  8.66237e+20  8.66125e+20  9.17788e+18  9.07144e+18 -9.07371e+18
  300.00 -0.23246  8.64177e+20  8.63896e+20  8.63740e+20  1.03014e+19  1.01540e+19 -1.01571e+19
  300.00 -0.20842  8.65855e+20  8.65597e+20  8.65453e+20  6.55804e+18  6.42278e+18 -6.42564e+18
  300.00 -0.18437  8.71446e+20  8.71282e+20  8.71192e+20  5.28441e+18  5.19984e+18 -5.20161e+18
  300.00 -0.16032  8.92446e+20  8.92362e+20  8.92318e+20  5.39568e+18  5.35520e+18 -5.35600e+18
  300.00 -0.13627  8.98209e+20  8.98164e+20  8.98146e+20  2.49778e+18  2.48275e+18 -2.48294e+18
  300.00 -0.11222  8.66516e+20  8.66477e+20  8.66472e+20 -1.80450e+18 -1.80486e+18  1.80514e+18
  300.00 -0.08818  8.55097e+20  8.55039e+20  8.55040e+20 -1.53401e+18 -1.52237e+18  1.52329e+18
  300.00 -0.06413  9.16623e+20  9.16531e+20  9.16537e+20  2.65486e+18  2.67766e+18 -2.67574e+18
  300.00 -0.04008  9.76224e+20  9.76115e+20  9.76121e+20  5.81020e+18  5.83670e+18 -5.83389e+18
  300.00 -0.01603  9.54859e+20  9.54773e+20  9.54776e+20  6.18921e+18  6.20883e+18 -6.20619e+18
  300.00  0.00802  8.59219e+20  8.59170e+20  8.59171e+20  4.63582e+18  4.64631e+18 -4.64465e+18
  300.00  0.03206  7.17595e+20  7.17572e+20  7.17573e+20  2.71735e+18  2.72205e+18 -2.72125e+18
  300.00  0.05611  5.80529e+20  5.80520e+20  5.80520e+20  1.70894e+18  1.71088e+18 -1.71055e+18
  300.00  0.08016  4.63044e+20  4.63040e+20  4.63040e+20  1.34230e+18  1.34307e+18 -1.34294e+18
  300.00  0.10421  3.52061e+20  3.52059e+20  3.52059e+20  1.36458e+18  1.36488e+18 -1.36483e+18
  300.00  0.12826  2.76254e+20  2.76253e+20  2.76253e+20  1.12286e+18  1.12298e+18 -1.12296e+18
  300.00  0.15230  2.67924e+20  2.67924e+20  2.67924e+20  7.20878e+17  7.20929e+17 -7.20917e+17
  300.00  0.17635  3.07060e+20  3.07060e+20  3.07060e+20  5.76598e+17  5.76623e+17 -5.76611e+17
  300.00  0.20040  3.62139e+20  3.62139e+20  3.62139e+20  5.31707e+17  5.31720e+17 -5.31707e+17
  300.00  0.22445  4.13534e+20  4.13534e+20  4.13534e+20  1.22072e+17  1.22074e+17 -1.22067e+17
  300.00  0.24850  4.45904e+20  4.45904e+20  4.45904e+20  1.58653e+17  1.58646e+17 -1.58644e+17
  300.00  0.27255  4.95236e+20  4.95236e+20  4.95236e+20  2.70859e+18  2.70857e+18 -2.70857e+18
  300.00  0.29659  5.83679e+20  5.83679e+20  5.83679e+20  6.21935e+18  6.21934e+18 -6.21934e+18
  300.00  0.32064  6.80657e+20  6.80657e+20  6.80657e+20  4.28695e+18  4.28695e+18 -4.28695e+18
  300.00  0.34469  7.24911e+20  7.24911e+20  7.24911e+20 -2.40377e+18 -2.40376e+18  2.40375e+18
  300.00  0.36874  7.08541e+20  7.08541e+20  7.08541e+20 -7.38660e+18 -7.38659e+18  7.38658e+18
  300.00  0.39279  7.31141e+20  7.31141e+20  7.31141e+20 -1.00602e+19 -1.00602e+19  1.00602e+19
  300.00  0.41683  8.45827e+20  8.45827e+20  8.45827e+20 -1.05281e+19 -1.05281e+19  1.05281e+19
  300.00  0.44088  9.90873e+20  9.90873e+20  9.90873e+20 -6.74094e+18 -6.74094e+18  6.74094e+18
  300.00  0.46493  1.08792e+21  1.08792e+21  1.08792e+21 -3.38580e+18 -3.38582e+18  3.38582e+18
  300.00  0.48898  1.16318e+21  1.16318e+21  1.16318e+21 -3.66779e+18 -3.66781e+18  3.66781e+18
  300.00  0.51303  1.21885e+21  1.21885e+21  1.21885e+21 -2.70177e+18 -2.70178e+18  2.70178e+18
  300.00  0.53707  1.19418e+21  1.19418e+21  1.19418e+21  1.74005e+18  1.74006e+18 -1.74007e+18
  300.00  0.56112  1.10829e+21  1.10829e+21  1.10829e+21  1.44457e+19  1.44458e+19 -1.44458e+19
  300.00  0.58517  9.90809e+20  9.90809e+20  9.90809e+20  2.89307e+19  2.89308e+19 -2.89308e+19
  300.00  0.60922  8.38412e+20  8.38412e+20  8.38412e+20  2.55484e+19  2.55484e+19 -2.55484e+19
  300.00  0.63327  6.78889e+20  6.78889e+20  6.78889e+20  8.02728e+18  8.02727e+18 -8.02725e+18
  300.00  0.65731  5.34268e+20  5.34268e+20  5.34268e+20 -4.46553e+18 -4.46554e+18  4.46555e+18
  300.00  0.68136  4.02941e+20  4.02941e+20  4.02941e+20 -5.82563e+18 -5.82564e+18  5.82565e+18
  300.00  0.70541  2.98947e+20  2.98947e+20  2.98947e+20 -3.57980e+18 -3.57981e+18  3.57981e+18
  300.00  0.72946  2.42637e+20  2.42637e+20  2.42637e+20 -3.99724e+18 -3.99724e+18  3.99725e+18
  300.00  0.75351  2.38600e+20  2.38600e+20  2.38600e+20 -7.39073e+18 -7.39074e+18  7.39073e+18
  300.00  0.77756  2.82985e+20  2.82985e+20  2.82985e+20 -8.31665e+18 -8.31666e+18  8.31665e+18
  300.00  0.80160  3.29649e+20  3.29649e+20  3.29649e+20 -3.36074e+18 -3.36075e+18  3.36074e+18
  300.00  0.82565  3.06295e+20  3.06295e+20  3.06295e+20  1.69330e+18  1.69330e+18 -1.69330e+18
  300.00  0.84970  2.18151e+20  2.18151e+20  2.18151e+20  2.40539e+18  2.40539e+18 -2.40538e+18
  300.00  0.87375  1.41730e+20  1.41730e+20  1.41730e+20  1.13010e+18  1.13011e+18 -1.13010e+18
  300.00  0.89780  1.25983e+20  1.25983e+20  1.25983e+20  2.69858e+17  2.69856e+17 -2.69853e+17
  300.00  0.92184  1.76382e+20  1.76382e+20  1.76382e+20  1.35815e+18  1.35814e+18 -1.35814e+18
  300.00  0.94589  2.80882e+20  2.80882e+20  2.80882e+20  4.25765e+18  4.25766e+18 -4.25765e+18
  300.00  0.96994  4.18815e+20  4.18815e+20  4.18815e+20  4.38863e+18  4.38864e+18 -4.38863e+18
  300.00  0.99399  5.46474e+20  5.46474e+20  5.46474e+20 -1.46364e+18 -1.46364e+18  1.46364e+18
  300.00  1.01804  6.20544e+20  6.20544e+20  6.20544e+20 -8.26696e+18 -8.26697e+18  8.26697e+18
  300.00  1.04208  6.62805e+20  6.62805e+20  6.62805e+20 -1.06568e+19 -1.06569e+19  1.06569e+19
  300.00  1.06613  7.20222e+20  7.20222e+20  7.20222e+20 -1.17800e+19 -1.17800e+19  1.17800e+19
  300.00  1.09018  8.35523e+20  8.35523e+20  8.35523e+20 -1.51179e+19 -1.51179e+19  1.51179e+19
  300.00  1.11423  1.04522e+21  1.04522e+21  1.04522e+21 -1.98686e+19 -1.98686e+19  1.98686e+19
  300.00  1.13828  1.33505e+21  1.33505e+21  1.33505e+21 -2.50843e+19 -2.50843e+19  2.50843e+19
  300.00  1.16232  1.65644e+21  1.65644e+21  1.65644e+21 -2.90318e+19 -2.90318e+19  2.90318e+19
  300.00  1.18637  1.92541e+21  1.92541e+21  1.92541e+21 -3.13322e+19 -3.13322e+19  3.13322e+19
  300.00  1.21042  2.01763e+21  2.01763e+21  2.01763e+21 -2.45645e+19 -2.45645e+19  2.45645e+19
  300.00  1.23447  1.86904e+21  1.86904e+21  1.86904e+21 -8.57210e+18 -8.57206e+18  8.57209e+18
  300.00  1.25852  1.52374e+21  1.52374e+21  1.52374e+21 -8.05282e+18 -8.05276e+18  8.05281e+18
  300.00  1.28257  1.14971e+21  1.14971e+21  1.14971e+21 -2.36132e+19 -2.36131e+19  2.36132e+19
  300.00  1.30661  8.86108e+20  8.86108e+20  8.86108e+20 -3.23801e+19 -3.23801e+19  3.23801e+19
  300.00  1.33066  7.52521e+20  7.52521e+20  7.52521e+20 -2.43040e+19 -2.43040e+19  2.43041e+19
  300.00  1.35471  7.05573e+20  7.05573e+20  7.05573e+20 -8.02520e+18 -8.02522e+18  8.02523e+18
  300.00  1.37876  6.60239e+20  6.60239e+20  6.60239e+20  6.06150e+18  6.06149e+18 -6.06148e+18
  300.00  1.40281  5.93655e+20  5.93655e+20  5.93655e+20  1.84460e+19  1.84460e+19 -1.84460e+19
  300.00  1.42685  5.64166e+20  5.64166e+20  5.64166e+20  2.50564e+19  2.50564e+19 -2.50564e+19
  300.00  1.45090  6.00378e+20  6.00378e+20  6.00378e+20  1.37337e+19  1.37337e+19 -1.37337e+19
  300.00  1.47495  6.18031e+20  6.18031e+20  6.18031e+20 -1.48874e+19 -1.48875e+19  1.48875e+19
  300.00  1.49900  5.22040e+20  5.22040e+20  5.22040e+20 -3.72118e+19 -3.72118e+19  3.72118e+19
  300.00  1.52305  3.63657e+20  3.63657e+20  3.63657e+20 -3.30318e+19 -3.30318e+19  3.30318e+19
  300.00  1.54709  2.55884e+20  2.55884e+20  2.55884e+20 -1.14015e+19 -1.14015e+19  1.14015e+19
  300.00  1.57114  2.61776e+20  2.61776e+20  2.61776e+20  1.39151e+19  1.39151e+19 -1.39151e+19
  300.00  1.59519  3.80172e+20  3.80172e+20  3.80172e+20  3.59289e+19  3.59289e+19 -3.59289e+19
  300.00  1.61924  5.48782e+20  5.48782e+20  5.48782e+20  4.47357e+19  4.47357e+19 -4.47357e+19
  300.00  1.64329  6.72169e+20  6.72169e+20  6.72169e+20  3.68589e+19  3.68589e+19 -3.68589e+19
  300.00  1.66733  7.10159e+20  7.10159e+20  7.10159e+20  2.56625e+19  2.56624e+19 -2.56625e+19
  300.00  1.69138  7.01798e+20  7.01798e+20  7.01798e+20  2.84554e+19  2.84554e+19 -2.84554e+19
  300.00  1.71543  6.72649e+20  6.72649e+20  6.72649e+20  3.98516e+19  3.98516e+19 -3.98516e+19
  300.00  1.73948  6.44315e+20  6.44315e+20  6.44315e+20  2.75095e+19  2.75095e+19 -2.75095e+19
  300.00  1.76353  6.71379e+20  6.71379e+20  6.71379e+20 -1.35520e+19 -1.35520e+19  1.35520e+19
  300.00  1.78758  7.54377e+20  7.54377e+20  7.54377e+20 -3.91662e+19 -3.91662e+19  3.91662e+19
  300.00  1.81162  8.60522e+20  8.60522e+20  8.60522e+20 -2.12790e+19 -2.12790e+19  2.12790e+19
  300.00  1.83567  9.91473e+20  9.91473e+20  9.91473e+20  1.14614e+19  1.14614e+19 -1.14615e+19
  300.00  1.85972  1.15290e+21  1.15290e+21  1.15290e+21  2.51316e+19  2.51316e+19 -2.51316e+19
  300.00  1.88377  1.27971e+21  1.27971e+21  1.27971e+21  2.00053e+19  2.00053e+19 -2.00053e+19
  300.00  1.90782  1.25100e+21  1.25100e+21  1.25100e+21  1.37571e+19  1.37571e+19 -1.37571e+19
  300.00  1.93186  1.11719e+21  1.11719e+21  1.11719e+21  1.22442e+19  1.22442e+19 -1.22442e+19
  300.00  1.95591  1.00961e+21  1.00961e+21  1.00961e+21  1.01366e+19  1.01366e+19 -1.01366e+19
  300.00  1.97996  9.67247e+20  9.67247e+20  9.67247e+20  2.95561e+18  2.95560e+18 -2.95560e+18
  300.00  2.00401  9.94782e+20  9.94782e+20  9.94782e+20 -9.17142e+18 -9.17142e+18  9.17142e+18
  300.00  2.02806  1.03970e+21  1.03970e+21  1.03970e+21 -1.47164e+19 -1.47164e+19  1.47164e+19
  300.00  2.05210  1.00462e+21  1.00462e+21  1.00462e+21 -8.79913e+18 -8.79914e+18  8.79913e+18
  300.00  2.07615  9.23017e+20  9.23017e+20  9.23017e+20 -3.13665e+18 -3.13665e+18  3.13665e+18
  300.00  2.10020  9.27467e+20  9.27467e+20  9.27467e+20 -1.49476e+19 -1.49476e+19  1.49476e+19
  300.00  2.12425  1.10010e+21  1.10010e+21  1.10010e+21 -3.74818e+19 -3.74818e+19  3.74818e+19
  300.00  2.14830  1.31355e+21  1.31355e+21  1.31355e+21 -4.42512e+19 -4.42512e+19  4.42513e+19
  300.00  2.17234  1.36422e+21  1.36422e+21  1.36422e+21 -3.73094e+19 -3.73094e+19  3.73094e+19
  300.00  2.19639  1.19661e+21  1.19661e+21  1.19661e+21 -4.29603e+19 -4.29603e+19  4.29603e+19
  300.00  2.22044  8.86193e+20  8.86193e+20  8.86193e+20 -4.59005e+19 -4.59005e+19  4.59004e+19
  300.00  2.24449  6.03835e+20  6.03835e+20  6.03835e+20 -2.70206e+19 -2.70206e+19  2.70206e+19
  300.00  2.26854  4.94059e+20  4.94059e+20  4.94059e+20 -2.36515e+18 -2.36513e+18  2.36514e+18
  300.00  2.29259  5.41813e+20  5.41813e+20  5.41813e+20  1.56767e+19  1.56767e+19 -1.56767e+19
  300.00  2.31663  6.87430e+20  6.87430e+20  6.87430e+20  2.77664e+19  2.77664e+19 -2.77664e+19
  300.00  2.34068  9.36215e+20  9.36215e+20  9.36215e+20  2.99842e+19  2.99842e+19 -2.99841e+19
  300.00  2.36473  1.25498e+21  1.25498e+21  1.25498e+21  8.69157e+18  8.69158e+18 -8.69155e+18
  300.00  2.38878  1.51631e+21  1.51631e+21  1.51631e+21 -1.90424e+19 -1.90424e+19  1.90424e+19
  300.00  2.41283  1.62245e+21  1.62245e+21  1.62245e+21 -2.21318e+19 -2.21317e+19  2.21317e+19
  300.00  2.43687  1.66949e+21  1.66949e+21  1.66949e+21 -1.20482e+19 -1.20482e+19  1.20482e+19
  300.00  2.46092  1.77672e+21  1.77672e+21  1.77672e+21  6.48242e+17  6.48206e+17 -6.48247e+17
  300.00  2.48497  1.81618e+21  1.81618e+21  1.81618e+21  2.26156e+19  2.26155e+19 -2.26156e+19
  300.00  2.50902  1.56764e+21  1.56764e+21  1.56764e+21  4.00600e+19  4.00600e+19 -4.00600e+19
  300.00  2.53307  1.12693e+21  1.12693e+21  1.12693e+21  3.32800e+19  3.32800e+19 -3.32800e+19
  300.00  2.55711  7.46084e+20  7.46084e+20  7.46084e+20  1.80164e+19  1.80164e+19 -1.80164e+19
  300.00  2.58116  5.15333e+20  5.15333e+20  5.15333e+20  1.05405e+19  1.05405e+19 -1.05405e+19
  300.00  2.60521  4.20452e+20  4.20452e+20  4.20452e+20  1.11110e+19  1.11110e+19 -1.11110e+19
  300.00  2.62926  4.46747e+20  4.46747e+20  4.46747e+20  1.86410e+19  1.86410e+19 -1.86410e+19
  300.00  2.65331  5.74036e+20  5.74036e+20  5.74036e+20  2.76429e+19  2.76429e+19 -2.76429e+19
  300.00  2.67735  7.06850e+20  7.06850e+20  7.06850e+20  2.46380e+19  2.46380e+19 -2.46380e+19
  300.00  2.70140  7.38195e+20  7.38195e+20  7.38195e+20  6.72730e+18  6.72730e+18 -6.72730e+18
  300.00  2.72545  7.10132e+20  7.10132e+20  7.10132e+20 -1.27546e+19 -1.27546e+19  1.27546e+19
  300.00  2.74950  7.24297e+20  7.24297e+20  7.24297e+20 -2.57061e+19 -2.57061e+19  2.57061e+19
  300.00  2.77355  8.47911e+20  8.47911e+20  8.47911e+20 -2.93662e+19 -2.93662e+19  2.93662e+19
  300.00  2.79760  1.04607e+21  1.04607e+21  1.04607e+21 -2.23545e+19 -2.23545e+19  2.23545e+19
  300.00  2.82164  1.13021e+21  1.13021e+21  1.13021e+21 -5.72061e+18 -5.72062e+18  5.72062e+18
  300.00  2.84569  9.96185e+20  9.96185e+20  9.96185e+20  1.40597e+19  1.40597e+19 -1.40597e+19
  300.00  2.86974  7.85270e+20  7.85270e+20  7.85270e+20  3.16505e+19  3.16505e+19 -3.16505e+19
  300.00  2.89379  6.51945e+20  6.51945e+20  6.51945e+20  3.79668e+19  3.79668e+19 -3.79668e+19
  300.00  2.91784  6.29008e+20  6.29008e+20  6.29008e+20  3.14959e+19  3.14959e+19 -3.14959e+19
  300.00  2.94188  7.17950e+20  7.17950e+20  7.17950e+20  2.24190e+19  2.24190e+19 -2.24191e+19
  300.00  2.96593  9.50240e+20  9.50240e+20  9.50240e+20  1.32799e+19  1.32799e+19 -1.32799e+19
  300.00  2.98998  1.27883e+21  1.27883e+21  1.27883e+21  5.42148e+18  5.42149e+18 -5.42150e+18
  300.00  3.01403  1.45968e+21  1.45968e+21  1.45968e+21  3.64695e+17  3.64689e+17 -3.64698e+17
  300.00  3.03808  1.36714e+21  1.36714e+21  1.36714e+21 -7.93709e+18 -7.93710e+18  7.93709e+18
  300.00  3.06212  1.20871e+21  1.20871e+21  1.20871e+21 -1.01039e+19 -1.01039e+19  1.01040e+19
  300.00  3.08617  1.11048e+21  1.11048e+21  1.11048e+21  1.09169e+19  1.09169e+19 -1.09169e+19
  300.00  3.11022  1.08478e+21  1.08478e+21  1.08478e+21  3.26702e+19  3.26702e+19 -3.26702e+19
  300.00  3.13427  1.18318e+21  1.18318e+21  1.18318e+21  2.86162e+19  2.86162e+19 -2.86162e+19
  300.00  3.15832  1.37823e+21  1.37823e+21  1.37823e+21  1.28821e+19  1.28821e+19 -1.28821e+19
  300.00  3.18236  1.49469e+21  1.49469e+21  1.49469e+21  7.16613e+18  7.16614e+18 -7.16613e+18
  300.00  3.20641  1.43188e+21  1.43188e+21  1.43188e+21 -6.48773e+18 -6.48774e+18  6.48776e+18
  300.00  3.23046  1.29731e+21  1.29731e+21  1.29731e+21 -5.90782e+19 -5.90782e+19  5.90782e+19
  300.00  3.25451  1.25326e+21  1.25326e+21  1.25326e+21 -1.03529e+20 -1.03529e+20  1.03529e+20
  300.00  3.27856  1.33429e+21  1.33429e+21  1.33429e+21 -7.66889e+19 -7.66889e+19  7.66889e+19
  300.00  3.30261  1.41864e+21  1.41864e+21  1.41864e+21 -4.08923e+18 -4.08922e+18  4.08922e+18
  300.00  3.32665  1.38667e+21  1.38667e+21  1.38667e+21  4.68049e+19  4.68049e+19 -4.68049e+19
  300.00  3.35070  1.28770e+21  1.28770e+21  1.28770e+21  6.68315e+19  6.68315e+19 -6.68315e+19
  300.00  3.37475  1.20748e+21  1.20748e+21  1.20748e+21  9.54614e+19  9.54614e+19 -9.54614e+19
  300.00  3.39880  1.14678e+21  1.14678e+21  1.14678e+21  1.24990e+20  1.24990e+20 -1.24990e+20
  300.00  3.42285  9.95130e+20  9.95130e+20  9.95130e+20  1.06211e+20  1.06211e+20 -1.06211e+20
  300.00  3.44689  7.74943e+20  7.74943e+20  7.74943e+20  5.25738e+19  5.25739e+19 -5.25739e+19
  300.00  3.47094  6.54746e+20  6.54746e+20  6.54746e+20  1.27419e+19  1.27419e+19 -1.27419e+19
  300.00  3.49499  6.71679e+20  6.71679e+20  6.71679e+20  6.95658e+18  6.95659e+18 -6.95659e+18
  300.00  3.51904  7.71861e+20  7.71861e+20  7.71861e+20  2.20676e+19  2.20676e+19 -2.20676e+19
  300.00  3.54309  9.04272e+20  9.04272e+20  9.04272e+20  2.52423e+19  2.52423e+19 -2.52423e+19
  300.00  3.56713  1.00338e+21  1.00338e+21  1.00338e+21  2.66518e+18  2.66518e+18 -2.66518e+18
  300.00  3.59118  1.03386e+21  1.03386e+21  1.03386e+21 -2.74662e+19 -2.74662e+19  2.74662e+19
  300.00  3.61523  1.01424e+21  1.01424e+21  1.01424e+21 -4.61002e+19 -4.61001e+19  4.61001e+19
  300.00  3.63928  9.27733e+20  9.27733e+20  9.27733e+20 -5.20361e+19 -5.20361e+19  5.20361e+19
  300.00  3.66333  8.48519e+20  8.48519e+20  8.48519e+20 -5.08342e+19 -5.08342e+19  5.08342e+19
  300.00  3.68737  8.47461e+20  8.47461e+20  8.47461e+20 -3.87058e+19 -3.87058e+19  3.87058e+19
  300.00  3.71142  9.16834e+20  9.16834e+20  9.16834e+20 -1.37873e+19 -1.37874e+19  1.37874e+19
  300.00  3.73547  1.10971e+21  1.10971e+21  1.10971e+21  2.74878e+18  2.74879e+18 -2.74877e+18
  300.00  3.75952  1.34955e+21  1.34955e+21  1.34955e+21 -1.79673e+19 -1.79672e+19  1.79672e+19
  300.00  3.78357  1.43084e+21  1.43084e+21  1.43084e+21 -6.59251e+19 -6.59251e+19  6.59251e+19
  300.00  3.80762  1.30977e+21  1.30977e+21  1.30977e+21 -8.87258e+19 -8.87258e+19  8.87258e+19
  300.00  3.83166  1.10058e+21  1.10058e+21  1.10058e+21 -6.10567e+19 -6.10567e+19  6.10567e+19
  300.00  3.85571  8.99016e+20  8.99016e+20  8.99016e+20 -6.48131e+18 -6.48135e+18  6.48134e+18
  300.00  3.87976  7.48987e+20  7.48987e+20  7.48987e+20  3.02115e+19  3.02115e+19 -3.02115e+19
  300.00  3.90381  7.56058e+20  7.56058e+20  7.56058e+20  4.02682e+19  4.02682e+19 -4.02682e+19
  300.00  3.92786  1.00997e+21  1.00997e+21  1.00997e+21  5.31984e+19  5.31984e+19 -5.31983e+19
  300.00  3.95190  1.37913e+21  1.37913e+21  1.37913e+21  7.82003e+19  7.82004e+19 -7.82003e+19
  300.00  3.97595  1.54961e+21  1.54961e+21  1.54961e+21  8.85313e+19  8.85313e+19 -8.85313e+19
  300.00  4.00000  1.36714e+21  1.36714e+21  1.36714e+21  6.68964e+19  6.68964e+19 -6.68964e+19
