0.00000 6.92985e+02
0.01388 7.09915e+02
0.02777 7.15848e+02
0.04165 3.46690e+02
0.05554 4.13359e+02
0.06942 4.67860e+02
0.08331 4.89972e+02
0.09719 4.92350e+02
0.11107 4.84784e+02
0.12496 4.74730e+02
0.13884 4.64929e+02
0.15273 4.55618e+02
0.16661 4.46700e+02
0.18050 4.38162e+02
0.19438 4.30015e+02
0.20826 4.22262e+02
0.22215 4.14903e+02
0.23603 4.07939e+02
0.24992 4.01378e+02
0.26380 3.95229e+02
0.27769 3.89500e+02
0.29157 3.84192e+02
0.30545 3.79284e+02
0.31934 3.74732e+02
0.33322 3.70464e+02
0.34711 3.66408e+02
0.36099 3.62525e+02
0.37488 3.58845e+02
0.38876 3.55558e+02
0.40264 3.52777e+02
0.41653 3.50560e+02
0.43041 3.49306e+02
0.44430 3.49349e+02
0.45818 3.50988e+02
0.47207 3.54289e+02
0.48595 3.58827e+02
0.49984 3.63660e+02
0.51372 3.67705e+02
0.52760 3.70212e+02
0.54149 3.70915e+02
0.55537 3.69866e+02
0.56926 3.67294e+02
0.58314 3.63603e+02
0.59703 3.59265e+02
0.61091 3.54583e+02
0.62479 3.49684e+02
0.63868 3.44732e+02
0.65256 3.40047e+02
0.66645 3.36040e+02
0.68033 3.33085e+02
0.69422 3.31359e+02
0.70810 3.30565e+02
0.72198 3.29437e+02
0.73587 3.25744e+02
0.74975 3.18638e+02
0.76364 3.10917e+02
0.77752 3.05452e+02
0.79141 3.02228e+02
0.80529 3.00507e+02
0.81917 3.00936e+02
0.83306 3.06587e+02
0.84694 3.19888e+02
0.86083 3.33456e+02
0.87471 3.44498e+02
0.88860 3.49892e+02
0.90248 3.51514e+02
0.91636 3.05831e+02
0.93025 2.69397e+02
0.94413 2.48285e+02
0.95802 2.51563e+02
0.97190 2.55624e+02
0.98579 2.59723e+02
0.99967 2.78087e+02
1.01355 2.94032e+02
1.02744 2.90408e+02
1.04132 2.78364e+02
1.05521 2.68959e+02
1.06909 2.60616e+02
1.08298 2.53179e+02
1.09686 2.46709e+02
1.11074 2.40512e+02
1.12463 2.35584e+02
1.13851 2.31168e+02
1.15240 2.27264e+02
1.16628 2.23861e+02
1.18017 2.20818e+02
1.19405 2.17933e+02
1.20793 2.15203e+02
1.22182 2.12620e+02
1.23570 2.10145e+02
1.24959 2.07750e+02
1.26347 2.05448e+02
1.27736 2.03273e+02
1.29124 2.01248e+02
1.30512 1.99384e+02
1.31901 1.97716e+02
1.33289 1.96323e+02
1.34678 1.95356e+02
1.36066 1.95124e+02
1.37455 1.96391e+02
1.38843 2.01746e+02
1.40232 2.29836e+02
1.41620 1.69588e+02
1.43008 1.41164e+02
1.44397 1.55018e+02
1.45785 1.58091e+02
1.47174 1.58440e+02
1.48562 1.57640e+02
1.49951 1.56228e+02
1.51339 1.54426e+02
1.52727 1.52311e+02
1.54116 1.49798e+02
1.55504 1.46445e+02
1.56893 1.40146e+02
1.58281 -4.13368e+03
1.59670 1.60575e+02
1.61058 1.54059e+02
1.62446 1.47998e+02
1.63835 1.37505e+02
1.65223 1.34564e+02
1.66612 1.31693e+02
1.68000 1.28515e+02
1.69389 1.25345e+02
1.70777 1.22465e+02
1.72165 1.19845e+02
1.73554 1.17036e+02
1.74942 1.14512e+02
1.76331 1.11792e+02
1.77719 1.09581e+02
1.79108 1.07356e+02
1.80496 1.04354e+02
1.81884 1.01286e+02
1.83273 9.84839e+01
1.84661 9.57625e+01
1.86050 9.23422e+01
1.87438 9.01417e+01
1.88827 8.73354e+01
1.90215 8.49740e+01
1.91603 8.34642e+01
1.92992 8.23351e+01
1.94380 8.07033e+01
1.95769 7.79660e+01
1.97157 7.44857e+01
1.98546 6.83088e+01
1.99934 6.28450e+01
2.01322 5.62947e+01
2.02711 4.82023e+01
2.04099 4.03896e+01
2.05488 3.04841e+01
2.06876 2.12640e+01
2.08265 1.35087e+01
2.09653 6.09588e+00
2.11041 -1.21717e+00
2.12430 -7.43436e+00
2.13818 -1.39553e+01
2.15207 -2.06157e+01
2.16595 -2.73832e+01
2.17984 -3.57138e+01
2.19372 -4.40479e+01
2.20761 -5.17109e+01
2.22149 -5.80426e+01
2.23537 -6.14876e+01
2.24926 -6.14417e+01
2.26314 -5.78258e+01
2.27703 -5.09637e+01
2.29091 -4.31240e+01
2.30480 -3.61961e+01
2.31868 -3.47268e+01
2.33256 -3.68828e+01
2.34645 -3.37028e+01
2.36033 -4.38049e+01
2.37422 -4.31749e+01
2.38810 -4.32736e+01
2.40199 -3.76567e+01
2.41587 -3.15262e+01
2.42975 -2.76163e+01
2.44364 -2.38905e+01
2.45752 -1.95260e+01
2.47141 -1.65998e+01
2.48529 -2.43847e+01
2.49918 -2.79147e+01
2.51306 -3.02973e+01
2.52694 -3.41904e+01
2.54083 -3.79919e+01
2.55471 -4.10347e+01
2.56860 -4.54396e+01
2.58248 -4.84372e+01
2.59637 -5.27501e+01
2.61025 -5.66157e+01
2.62413 -6.14940e+01
2.63802 -6.46382e+01
2.65190 -6.74441e+01
2.66579 -7.03064e+01
2.67967 -7.33240e+01
2.69356 -7.68154e+01
2.70744 -8.21360e+01
2.72132 -8.82842e+01
2.73521 -9.21661e+01
2.74909 -9.42013e+01
2.76298 -9.54983e+01
2.77686 -9.66998e+01
2.79075 -9.80220e+01
2.80463 -9.93592e+01
2.81851 -1.00397e+02
2.83240 -1.01254e+02
2.84628 -1.02433e+02
2.86017 -1.03919e+02
2.87405 -1.05140e+02
2.88794 -1.03703e+02
2.90182 -9.77706e+01
2.91570 -9.58569e+01
2.92959 -9.70155e+01
2.94347 -9.84664e+01
2.95736 -9.97529e+01
2.97124 -1.01976e+02
2.98513 -1.04495e+02
2.99901 -1.03979e+02
3.01289 -1.05557e+02
3.02678 -1.06414e+02
3.04066 -1.09738e+02
3.05455 -1.10761e+02
3.06843 -1.11761e+02
3.08232 -1.13008e+02
3.09620 -1.14889e+02
3.11009 -1.18214e+02
3.12397 -1.22984e+02
3.13785 -1.27730e+02
3.15174 -1.32511e+02
3.16562 -1.37256e+02
3.17951 -1.41701e+02
3.19339 -1.46187e+02
3.20728 -1.50764e+02
3.22116 -1.55620e+02
3.23504 -1.61024e+02
3.24893 -1.67199e+02
3.26281 -1.74106e+02
3.27670 -1.80839e+02
3.29058 -1.85691e+02
3.30447 -1.87580e+02
3.31835 -1.85623e+02
3.33223 -1.78824e+02
3.34612 -1.66235e+02
3.36000 -1.43770e+02
3.37389 9.43503e+02
3.38777 -6.24074e+01
3.40166 -9.79508e+01
3.41554 -9.67709e+01
3.42942 -1.14440e+02
3.44331 -1.23236e+02
3.45719 -8.94729e+01
3.47108 -5.26651e+01
3.48496 -4.09850e+01
3.49885 -4.36827e+01
3.51273 -4.70561e+01
3.52661 -4.98969e+01
3.54050 -5.24373e+01
3.55438 -5.48349e+01
3.56827 -5.69620e+01
3.58215 -5.84400e+01
3.59604 -5.88971e+01
3.60992 -5.89550e+01
3.62380 -5.90650e+01
3.63769 -5.94209e+01
3.65157 -6.06574e+01
3.66546 -5.96670e+01
3.67934 -4.97170e+01
3.69323 -1.17394e+02
3.70711 -1.04682e+02
3.72099 -9.47374e+01
3.73488 -8.83577e+01
3.74876 -8.27638e+01
3.76265 -7.77936e+01
3.77653 -7.39234e+01
3.79042 -7.11349e+01
3.80430 -6.90684e+01
3.81818 -6.73867e+01
3.83207 -6.59258e+01
3.84595 -6.46383e+01
3.85984 -6.34540e+01
3.87372 -6.23609e+01
3.88761 -6.13649e+01
3.90149 -6.04871e+01
3.91537 -5.96729e+01
3.92926 -5.89062e+01
3.94314 -5.81957e+01
3.95703 -5.75299e+01
3.97091 -5.68921e+01
3.98480 -5.62686e+01
3.99868 -5.56423e+01
4.01257 -5.49889e+01
4.02645 -5.42743e+01
4.04033 -5.34682e+01
4.05422 -5.25812e+01
4.06810 -5.17005e+01
4.08199 -5.09567e+01
4.09587 -5.04501e+01
4.10976 -5.02349e+01
4.12364 -5.02001e+01
4.13752 -5.00941e+01
4.15141 -4.98977e+01
4.16529 -4.96266e+01
4.17918 -4.92881e+01
4.19306 -4.89048e+01
4.20695 -4.85014e+01
4.22083 -4.80980e+01
4.23471 -4.76955e+01
4.24860 -4.72866e+01
4.26248 -4.68874e+01
4.27637 -4.64345e+01
4.29025 -4.59621e+01
4.30414 -4.54806e+01
4.31802 -4.50019e+01
4.33190 -4.45399e+01
4.34579 -4.40818e+01
4.35967 -4.35978e+01
4.37356 -4.30566e+01
4.38744 -4.24755e+01
4.40133 -4.26485e+01
4.41521 -4.49564e+01
4.42909 -4.51896e+01
4.44298 -4.49206e+01
4.45686 -4.47871e+01
4.47075 -4.47722e+01
4.48463 -4.48433e+01
4.49852 -4.50930e+01
4.51240 -4.68626e+01
4.52628 -4.12521e+01
4.54017 -4.26807e+01
4.55405 -4.27330e+01
4.56794 -4.25383e+01
4.58182 -4.23051e+01
4.59571 -4.20390e+01
4.60959 -4.15759e+01
4.62347 -4.10967e+01
4.63736 -4.06694e+01
4.65124 -4.02609e+01
4.66513 -3.98392e+01
4.67901 -3.93767e+01
4.69290 -3.88760e+01
4.70678 -3.84189e+01
4.72066 -3.81782e+01
4.73455 -3.83881e+01
4.74843 -3.93634e+01
4.76232 -4.27179e+01
4.77620 -5.09584e+01
4.79009 -5.62982e+01
4.80397 -5.90548e+01
4.81785 -6.15414e+01
4.83174 -6.38813e+01
4.84562 -6.58391e+01
4.85951 -6.73694e+01
4.87339 -6.86210e+01
4.88728 -6.96558e+01
4.90116 -7.05217e+01
4.91505 -7.12708e+01
4.92893 -7.19611e+01
4.94281 -7.26254e+01
4.95670 -7.32838e+01
4.97058 -7.39454e+01
4.98447 -7.46080e+01
4.99835 -7.52676e+01
5.01224 -7.59129e+01
5.02612 -7.65368e+01
5.04000 -7.71253e+01
5.05389 -7.76843e+01
5.06777 -7.82663e+01
5.08166 -7.89804e+01
5.09554 -7.99583e+01
5.10943 -8.12622e+01
5.12331 -8.28048e+01
5.13719 -8.44350e+01
5.15108 -8.63519e+01
5.16496 -8.93579e+01
5.17885 -9.33447e+01
5.19273 -9.78606e+01
5.20662 -1.01729e+02
5.22050 -1.04144e+02
5.23438 -1.05538e+02
5.24827 -1.06350e+02
5.26215 -1.06837e+02
5.27604 -1.07150e+02
5.28992 -1.07375e+02
5.30381 -1.07557e+02
5.31769 -1.07727e+02
5.33157 -1.07910e+02
5.34546 -1.08127e+02
5.35934 -1.08389e+02
5.37323 -1.08699e+02
5.38711 -1.09055e+02
5.40100 -1.09447e+02
5.41488 -1.09843e+02
5.42876 -1.09988e+02
5.44265 -1.12282e+02
5.45653 -1.12166e+02
5.47042 -1.12735e+02
5.48430 -1.13418e+02
5.49819 -1.14161e+02
5.51207 -1.14948e+02
5.52595 -1.15774e+02
5.53984 -1.16634e+02
5.55372 -1.17533e+02
5.56761 -1.18478e+02
5.58149 -1.19489e+02
5.59538 -1.20610e+02
5.60926 -1.21923e+02
5.62314 -1.23547e+02
5.63703 -1.25561e+02
5.65091 -1.27968e+02
5.66480 -1.30709e+02
5.67868 -1.33605e+02
5.69257 -1.36451e+02
5.70645 -1.39098e+02
5.72034 -1.41372e+02
5.73422 -1.43104e+02
5.74810 -1.44342e+02
5.76199 -1.45332e+02
5.77587 -1.46322e+02
5.78976 -1.47381e+02
5.80364 -1.48561e+02
5.81753 -1.49889e+02
5.83141 -1.51360e+02
5.84529 -1.52971e+02
5.85918 -1.54777e+02
5.87306 -1.57113e+02
5.88695 -1.55161e+02
5.90083 -1.57903e+02
5.91472 -1.59579e+02
5.92860 -1.60693e+02
5.94248 -1.61166e+02
5.95637 -1.60666e+02
5.97025 -1.58785e+02
5.98414 -1.55013e+02
5.99802 -1.48176e+02
6.01191 -1.37282e+02
6.02579 -1.21883e+02
6.03967 -1.14108e+02
6.05356 -1.07935e+02
6.06744 -1.02436e+02
6.08133 -9.80606e+01
6.09521 -9.47471e+01
6.10910 -9.20368e+01
6.12298 -8.95322e+01
6.13686 -8.70209e+01
6.15075 -8.44253e+01
6.16463 -8.17382e+01
6.17852 -7.89747e+01
6.19240 -7.61554e+01
6.20629 -7.33241e+01
6.22017 -7.05532e+01
6.23405 -6.78908e+01
6.24794 -6.53177e+01
6.26182 -6.28118e+01
6.27571 -6.04148e+01
6.28959 -5.81758e+01
6.30348 -5.61113e+01
6.31736 -5.42016e+01
6.33124 -5.23746e+01
6.34513 -5.04861e+01
6.35901 -4.84585e+01
6.37290 -4.62721e+01
6.38678 -4.39707e+01
6.40067 -4.15734e+01
6.41455 -3.86843e+01
6.42843 -3.40403e+01
6.44232 -2.88164e+01
6.45620 -2.31048e+01
6.47009 -1.49228e+01
6.48397 -7.77387e+00
6.49786 -4.34284e+00
6.51174 -2.49613e+00
6.52562 -1.26392e+00
6.53951 -3.24693e-01
6.55339 4.75191e-01
6.56728 1.22458e+00
6.58116 1.97397e+00
6.59505 2.74732e+00
6.60893 3.55270e+00
6.62282 4.39278e+00
6.63670 5.27330e+00
6.65058 6.20740e+00
6.66447 7.21457e+00
6.67835 8.31489e+00
6.69224 9.52055e+00
6.70612 1.08282e+01
6.72001 1.22162e+01
6.73389 1.36472e+01
6.74777 1.50682e+01
6.76166 1.63980e+01
6.77554 1.75095e+01
6.78943 1.84120e+01
6.80331 1.89285e+01
6.81720 1.91737e+01
6.83108 1.91305e+01
6.84496 1.89016e+01
6.85885 1.84969e+01
6.87273 1.77325e+01
6.88662 1.64839e+01
6.90050 1.50342e+01
6.91439 1.41250e+01
6.92827 1.30225e+01
6.94215 1.13132e+01
