0.00000 -3.05044e-06
1.00000 -2.76000e-06
2.00000 -1.85055e-06
3.00000 -6.94700e-07
4.00000 3.15623e-07
5.00000 7.85477e-07
6.00000 2.91281e-07
7.00000 -1.59052e-06
8.00000 -5.32363e-06
9.00000 -1.14204e-05
10.00000 -2.02819e-05
11.00000 -3.24210e-05
12.00000 -4.83112e-05
13.00000 -6.84054e-05
14.00000 -9.29395e-05
15.00000 -1.22593e-04
16.00000 -1.57494e-04
17.00000 -1.97814e-04
18.00000 -2.44231e-04
19.00000 -2.95423e-04
20.00000 -3.51665e-04
21.00000 -4.12474e-04
22.00000 -4.77166e-04
23.00000 -5.44859e-04
24.00000 -6.14480e-04
25.00000 -6.84787e-04
26.00000 -7.54405e-04
27.00000 -8.21000e-04
28.00000 -8.84857e-04
29.00000 -9.43583e-04
30.00000 -9.95767e-04
31.00000 -1.04014e-03
32.00000 -1.07561e-03
33.00000 -1.10133e-03
34.00000 -1.11673e-03
35.00000 -1.12152e-03
36.00000 -1.11541e-03
37.00000 -1.09901e-03
38.00000 -1.07287e-03
39.00000 -1.03777e-03
40.00000 -9.94701e-04
41.00000 -9.44782e-04
42.00000 -8.89234e-04
43.00000 -8.29327e-04
44.00000 -7.66338e-04
45.00000 -7.01512e-04
46.00000 -6.36034e-04
47.00000 -5.70997e-04
48.00000 -5.07394e-04
49.00000 -4.46095e-04
50.00000 -3.87851e-04
51.00000 -3.33290e-04
52.00000 -2.82919e-04
53.00000 -2.37128e-04
54.00000 -1.97218e-04
55.00000 -1.61217e-04
56.00000 -1.30370e-04
57.00000 -1.04699e-04
58.00000 -8.41560e-05
59.00000 -6.86266e-05
60.00000 -5.79400e-05
61.00000 -5.18725e-05
62.00000 -5.01527e-05
63.00000 -5.24647e-05
64.00000 -5.84512e-05
65.00000 -6.77160e-05
66.00000 -7.98258e-05
67.00000 -9.43124e-05
68.00000 -1.10674e-04
69.00000 -1.28378e-04
70.00000 -1.46860e-04
71.00000 -1.65529e-04
72.00000 -1.84700e-04
73.00000 -2.01783e-04
74.00000 -2.17081e-04
75.00000 -2.29899e-04
76.00000 -2.39516e-04
77.00000 -2.45186e-04
78.00000 -2.46138e-04
79.00000 -2.41575e-04
80.00000 -2.30672e-04
81.00000 -2.12574e-04
82.00000 -1.86398e-04
83.00000 -1.51229e-04
84.00000 -1.06122e-04
85.00000 -5.01058e-05
86.00000 1.78190e-05
87.00000 9.86722e-05
88.00000 1.93489e-04
89.00000 3.03310e-04
90.00000 4.29177e-04
91.00000 5.72115e-04
92.00000 7.33123e-04
93.00000 9.13160e-04
94.00000 1.11313e-03
95.00000 1.33387e-03
96.00000 1.57614e-03
97.00000 1.84058e-03
98.00000 2.12775e-03
99.00000 2.43808e-03
100.00000 2.77189e-03
101.00000 3.12935e-03
102.00000 3.51052e-03
103.00000 3.91531e-03
104.00000 4.34353e-03
105.00000 4.79485e-03
106.00000 5.26882e-03
107.00000 5.76491e-03
108.00000 6.25471e-03
109.00000 6.82078e-03
110.00000 7.34913e-03
111.00000 7.95623e-03
112.00000 8.51975e-03
113.00000 9.16379e-03
114.00000 9.75848e-03
115.00000 1.04347e-02
116.00000 1.10558e-02
117.00000 1.17585e-02
118.00000 1.24006e-02
119.00000 -1.34158e-01
120.00000 -1.24604e-01
121.00000 -1.13881e-01
122.00000 -1.04209e-01
123.00000 -9.35268e-02
124.00000 -8.40406e-02
125.00000 -7.37203e-02
126.00000 -6.46926e-02
127.00000 -5.50180e-02
128.00000 -4.66837e-02
129.00000 -3.78919e-02
130.00000 -3.04421e-02
131.00000 -2.27202e-02
132.00000 -1.63014e-02
133.00000 -9.78913e-03
134.00000 -4.50789e-03
135.00000 6.94371e-04
136.00000 4.76066e-03
137.00000 8.57673e-03
138.00000 1.13634e-02
139.00000 1.37192e-02
140.00000 1.51511e-02
141.00000 1.59446e-02
142.00000 1.59043e-02
143.00000 1.49653e-02
144.00000 1.30069e-02
145.00000 1.02860e-02
146.00000 6.07237e-03
147.00000 1.06872e-03
148.00000 -6.04245e-03
149.00000 -1.40656e-02
150.00000 -2.51136e-02
151.00000 -3.73391e-02
152.00000 -5.39848e-02
153.00000 -7.22987e-02
154.00000 -9.71907e-02
155.00000 -1.24608e-01
156.00000 -1.61997e-01
157.00000 -6.08638e-03
158.00000 -4.97030e-03
159.00000 -4.01247e-03
160.00000 -2.96557e-03
161.00000 -2.01760e-03
162.00000 -9.41033e-04
163.00000 5.80882e-05
164.00000 1.20727e-03
165.00000 2.27760e-03
166.00000 3.50421e-03
167.00000 4.63655e-03
168.00000 5.91739e-03
169.00000 7.08072e-03
170.00000 8.37171e-03
171.00000 9.51909e-03
172.00000 1.07616e-02
173.00000 1.18358e-02
174.00000 1.29630e-02
175.00000 1.39025e-02
176.00000 1.48460e-02
177.00000 1.55907e-02
178.00000 1.62872e-02
179.00000 1.67845e-02
180.00000 1.71819e-02
181.00000 1.73919e-02
182.00000 1.74548e-02
183.00000 1.73545e-02
184.00000 1.70679e-02
185.00000 1.66539e-02
186.00000 1.60253e-02
187.00000 1.53147e-02
188.00000 1.43744e-02
189.00000 1.34038e-02
190.00000 1.22027e-02
191.00000 1.10264e-02
192.00000 9.63255e-03
193.00000 8.31783e-03
194.00000 6.81167e-03
195.00000 5.43468e-03
196.00000 3.90346e-03
197.00000 2.54387e-03
198.00000 1.07598e-03
199.00000 -1.87941e-04
200.00000 -1.50827e-03
201.00000 -2.60421e-03
202.00000 -3.70156e-03
203.00000 -4.56689e-03
204.00000 -5.37832e-03
205.00000 -2.88068e-01
206.00000 -2.69293e-01
207.00000 -2.49854e-01
208.00000 -2.27145e-01
209.00000 -2.06698e-01
210.00000 -1.84682e-01
211.00000 -1.65854e-01
212.00000 -1.46233e-01
213.00000 -1.29803e-01
214.00000 -1.12897e-01
215.00000 -9.88415e-02
216.00000 -8.58117e-02
217.00000 -7.24436e-02
218.00000 -6.01404e-02
219.00000 -4.88026e-02
220.00000 -4.03668e-02
221.00000 -3.05491e-02
222.00000 1.92613e-01
223.00000 2.54678e-02
224.00000 2.68058e-02
225.00000 2.85060e-02
226.00000 3.02269e-02
227.00000 3.19561e-02
228.00000 3.33366e-02
229.00000 3.50463e-02
230.00000 3.67247e-02
231.00000 3.83567e-02
232.00000 3.96191e-02
233.00000 4.11306e-02
234.00000 4.25553e-02
235.00000 4.38800e-02
236.00000 4.48595e-02
237.00000 4.59742e-02
238.00000 4.69578e-02
239.00000 4.78017e-02
240.00000 4.83713e-02
241.00000 4.89466e-02
242.00000 4.93660e-02
243.00000 4.96265e-02
244.00000 4.97196e-02
245.00000 4.96918e-02
246.00000 4.95051e-02
247.00000 4.91618e-02
248.00000 4.87772e-02
249.00000 4.81627e-02
250.00000 4.74053e-02
251.00000 4.65117e-02
252.00000 4.57038e-02
253.00000 4.45845e-02
254.00000 4.33519e-02
255.00000 4.20153e-02
256.00000 4.08778e-02
257.00000 3.93789e-02
258.00000 3.78042e-02
259.00000 3.61641e-02
260.00000 3.48121e-02
261.00000 3.30810e-02
262.00000 3.13141e-02
263.00000 2.95220e-02
264.00000 2.80770e-02
265.00000 2.62652e-02
266.00000 2.44562e-02
267.00000 2.26595e-02
268.00000 2.12371e-02
269.00000 1.94850e-02
270.00000 1.77692e-02
271.00000 1.60972e-02
272.00000 1.47957e-02
273.00000 1.32192e-02
274.00000 1.17036e-02
275.00000 1.02538e-02
276.00000 9.14376e-03
277.00000 7.82119e-03
278.00000 6.57286e-03
279.00000 5.40019e-03
280.00000 4.51694e-03
281.00000 3.48136e-03
282.00000 2.52103e-03
283.00000 1.63443e-03
284.00000 9.76785e-04
285.00000 2.17053e-04
286.00000 -4.76281e-04
287.00000 -1.10658e-03
288.00000 -1.67741e-03
289.00000 -2.09370e-03
290.00000 -2.56663e-03
291.00000 -2.99008e-03
292.00000 -3.36725e-03
293.00000 -3.63758e-03
294.00000 -3.93830e-03
295.00000 -4.19948e-03
296.00000 -4.42253e-03
297.00000 -4.57407e-03
298.00000 -4.73006e-03
299.00000 -4.84859e-03
300.00000 -4.92879e-03
301.00000 -4.96444e-03
302.00000 -4.97181e-03
303.00000 -4.93588e-03
304.00000 -4.85420e-03
305.00000 -4.75419e-03
306.00000 -4.58361e-03
307.00000 -4.35998e-03
308.00000 -4.08085e-03
309.00000 -3.81611e-03
310.00000 -3.43182e-03
311.00000 -2.98690e-03
312.00000 -2.48038e-03
313.00000 -2.03054e-03
314.00000 -1.41257e-03
315.00000 -7.33467e-04
316.00000 5.44627e-06
317.00000 6.38344e-04
318.00000 1.47960e-03
319.00000 2.37375e-03
320.00000 3.31736e-03
321.00000 4.10527e-03
322.00000 5.12790e-03
323.00000 6.18833e-03
324.00000 7.28192e-03
325.00000 8.17749e-03
326.00000 9.31878e-03
327.00000 1.04799e-02
328.00000 1.16562e-02
329.00000 1.26051e-02
330.00000 1.37976e-02
331.00000 1.49931e-02
332.00000 1.61879e-02
333.00000 1.71408e-02
334.00000 1.83255e-02
335.00000 1.95003e-02
336.00000 2.06624e-02
337.00000 2.15811e-02
338.00000 2.27140e-02
339.00000 2.38273e-02
340.00000 2.49188e-02
341.00000 2.57747e-02
342.00000 2.68210e-02
343.00000 2.78382e-02
344.00000 2.88230e-02
345.00000 2.95847e-02
346.00000 3.04999e-02
347.00000 3.13677e-02
348.00000 3.21795e-02
349.00000 3.27808e-02
350.00000 3.34591e-02
351.00000 3.40360e-02
352.00000 3.44810e-02
353.00000 3.47125e-02
354.00000 3.47907e-02
355.00000 3.45369e-02
356.00000 3.37753e-02
357.00000 3.25876e-02
358.00000 2.98433e-02
359.00000 2.42747e-02
360.00000 -3.96776e-02
361.00000 -6.56956e-02
362.00000 1.11303e-02
363.00000 -1.74332e-02
364.00000 -1.92897e-02
365.00000 -1.90604e-02
366.00000 -1.82319e-02
367.00000 -1.72455e-02
368.00000 -1.62705e-02
369.00000 -1.55419e-02
370.00000 -1.47141e-02
371.00000 -1.39809e-02
372.00000 -1.33354e-02
373.00000 -1.28742e-02
374.00000 -1.23550e-02
375.00000 -1.18857e-02
376.00000 -1.14522e-02
377.00000 -1.11220e-02
378.00000 -1.07196e-02
379.00000 -1.03182e-02
380.00000 -9.90783e-03
381.00000 -9.56740e-03
382.00000 -9.12078e-03
383.00000 -8.64560e-03
384.00000 -8.13791e-03
385.00000 -7.70680e-03
386.00000 -7.13624e-03
387.00000 -4.66581e+00
388.00000 -4.91877e+00
389.00000 -5.10572e+00
390.00000 -5.31460e+00
391.00000 -5.48946e+00
392.00000 -5.62322e+00
393.00000 -5.69593e+00
394.00000 -5.73834e+00
395.00000 -5.72132e+00
396.00000 -5.63997e+00
397.00000 -5.52625e+00
398.00000 -5.32192e+00
399.00000 -5.04903e+00
400.00000 -4.71056e+00
401.00000 -4.39631e+00
402.00000 -3.95602e+00
403.00000 -3.47283e+00
404.00000 -2.95934e+00
405.00000 -2.53625e+00
406.00000 -2.00461e+00
407.00000 1.78950e+01
408.00000 1.60790e+01
409.00000 1.46525e+01
410.00000 1.29262e+01
411.00000 1.12852e+01
412.00000 9.74889e+00
413.00000 8.60479e+00
414.00000 -2.32909e-02
415.00000 -2.91303e-02
416.00000 -3.19746e-02
417.00000 -2.83278e-02
418.00000 -6.97000e-03
419.00000 4.49349e-02
420.00000 1.21910e-01
421.00000 1.82936e-01
422.00000 2.42580e-01
423.00000 2.82630e-01
424.00000 3.07906e-01
425.00000 3.20607e-01
426.00000 3.29829e-01
427.00000 3.33702e-01
428.00000 3.33709e-01
429.00000 3.31626e-01
430.00000 3.27027e-01
431.00000 -5.11592e-02
432.00000 -1.52282e-03
433.00000 -1.48846e-03
434.00000 -1.43846e-03
435.00000 -1.37834e-03
436.00000 -1.30872e-03
437.00000 -1.24199e-03
438.00000 -1.15658e-03
439.00000 -1.06374e-03
440.00000 -9.78867e-04
441.00000 -8.74407e-04
442.00000 -7.64902e-04
443.00000 -6.51220e-04
444.00000 -5.51120e-04
445.00000 -4.32013e-04
446.00000 -3.11238e-04
447.00000 -2.07043e-04
448.00000 1.66280e+00
449.00000 1.79236e+00
450.00000 1.90564e+00
451.00000 1.98743e+00
452.00000 2.06289e+00
453.00000 2.11538e+00
454.00000 2.14154e+00
455.00000 2.15021e+00
456.00000 7.92671e-01
457.00000 7.31750e-01
458.00000 6.78808e-01
459.00000 6.17672e-01
460.00000 5.58461e-01
461.00000 5.09987e-01
462.00000 4.56688e-01
463.00000 4.07286e-01
464.00000 3.61981e-01
465.00000 3.26433e-01
466.00000 2.88713e-01
467.00000 2.54864e-01
468.00000 2.28755e-01
469.00000 2.01443e-01
470.00000 1.77253e-01
471.00000 1.55895e-01
472.00000 1.39630e-01
473.00000 1.22797e-01
474.00000 1.08032e-01
475.00000 9.68445e-02
476.00000 8.53144e-02
477.00000 7.52381e-02
478.00000 6.64392e-02
479.00000 5.97943e-02
480.00000 5.29636e-02
481.00000 4.70059e-02
482.00000 3.89452e-02
483.00000 3.43535e-02
484.00000 3.03525e-02
485.00000 2.68652e-02
486.00000 2.42336e-02
487.00000 2.15282e-02
488.00000 1.91662e-02
489.00000 1.73801e-02
490.00000 1.55395e-02
491.00000 1.39274e-02
492.00000 1.25135e-02
493.00000 1.14392e-02
494.00000 1.03261e-02
495.00000 9.34495e-03
496.00000 8.59579e-03
497.00000 7.81548e-03
498.00000 7.12361e-03
499.00000 6.50881e-03
500.00000 6.03576e-03
501.00000 5.53924e-03
502.00000 5.09537e-03
503.00000 4.75199e-03
504.00000 4.38978e-03
505.00000 4.06438e-03
506.00000 3.77168e-03
507.00000 3.54413e-03
508.00000 3.30315e-03
509.00000 3.08600e-03
510.00000 2.91705e-03
511.00000 2.73820e-03
512.00000 2.57727e-03
513.00000 2.43270e-03
514.00000 2.32074e-03
515.00000 2.20296e-03
516.00000 2.09794e-03
517.00000 2.01731e-03
518.00000 1.93339e-03
519.00000 1.85957e-03
520.00000 1.79507e-03
521.00000 1.74666e-03
522.00000 1.69758e-03
523.00000 1.65587e-03
524.00000 1.62552e-03
525.00000 1.59588e-03
526.00000 1.57192e-03
527.00000 1.55311e-03
528.00000 1.54069e-03
529.00000 1.53006e-03
530.00000 1.52314e-03
531.00000 1.51979e-03
532.00000 1.51850e-03
533.00000 8.14357e-04
534.00000 7.60652e-04
535.00000 7.21430e-04
536.00000 6.83344e-04
537.00000 6.53201e-04
538.00000 6.33412e-04
539.00000 6.17036e-04
540.00000 6.07494e-04
541.00000 6.04342e-04
542.00000 6.06374e-04
543.00000 6.13834e-04
544.00000 6.26287e-04
545.00000 6.40532e-04
546.00000 6.60829e-04
547.00000 6.84548e-04
548.00000 7.11104e-04
549.00000 7.35676e-04
550.00000 7.65917e-04
551.00000 7.97272e-04
552.00000 8.24566e-04
553.00000 8.56354e-04
554.00000 8.87495e-04
555.00000 9.17379e-04
556.00000 9.41538e-04
557.00000 9.67505e-04
558.00000 9.90536e-04
559.00000 1.00752e-03
560.00000 1.02365e-03
561.00000 1.03533e-03
562.00000 1.04210e-03
563.00000 1.04364e-03
564.00000 1.04014e-03
565.00000 1.03059e-03
566.00000 1.01734e-03
567.00000 9.95762e-04
568.00000 9.67380e-04
569.00000 9.32047e-04
570.00000 8.96157e-04
571.00000 8.47719e-04
572.00000 7.92238e-04
573.00000 7.39149e-04
574.00000 6.70899e-04
575.00000 5.96067e-04
576.00000 5.14951e-04
577.00000 4.40696e-04
578.00000 -2.99709e-03
579.00000 -1.80809e-03
580.00000 -1.02234e-03
581.00000 -3.11327e-04
582.00000 2.26995e-04
583.00000 6.28882e-04
584.00000 9.02893e-04
585.00000 1.09771e-03
586.00000 1.23315e-03
587.00000 1.30050e-03
588.00000 1.32006e-03
589.00000 1.29567e-03
590.00000 1.23723e-03
591.00000 1.14196e-03
592.00000 1.02846e-03
593.00000 8.84254e-04
594.00000 7.34026e-04
595.00000 5.71677e-04
596.00000 3.86967e-04
597.00000 2.09423e-04
598.00000 1.49069e-05
599.00000 -1.66164e-04
600.00000 -3.59005e-04
601.00000 -5.33897e-04
602.00000 -7.02891e-04
603.00000 -8.76413e-04
604.00000 -1.02814e-03
605.00000 -1.17995e-03
606.00000 -1.30901e-03
607.00000 -1.43414e-03
608.00000 -1.53672e-03
609.00000 -1.62562e-03
610.00000 -1.70563e-03
611.00000 -1.76508e-03
612.00000 -1.81301e-03
613.00000 -1.84265e-03
614.00000 -1.85877e-03
615.00000 -1.85941e-03
616.00000 -1.84667e-03
617.00000 -1.81860e-03
618.00000 -1.77986e-03
619.00000 -1.72531e-03
620.00000 -1.66357e-03
621.00000 -1.58611e-03
622.00000 -1.50494e-03
623.00000 -1.41582e-03
624.00000 -1.31205e-03
625.00000 -1.20951e-03
626.00000 -1.09359e-03
627.00000 -9.81910e-04
628.00000 -8.58477e-04
629.00000 -7.41978e-04
630.00000 -6.24667e-04
631.00000 -4.98519e-04
632.00000 -3.82544e-04
633.00000 -2.59950e-04
634.00000 -1.49165e-04
635.00000 -3.41052e-05
636.00000 6.79701e-05
637.00000 1.64710e-04
638.00000 2.62148e-04
639.00000 3.45695e-04
640.00000 4.27525e-04
641.00000 4.95391e-04
642.00000 5.59178e-04
643.00000 6.09327e-04
644.00000 6.50351e-04
645.00000 6.83962e-04
646.00000 7.05073e-04
647.00000 7.16672e-04
648.00000 7.16918e-04
649.00000 7.05700e-04
650.00000 6.84531e-04
651.00000 6.52964e-04
652.00000 6.07334e-04
653.00000 5.54192e-04
654.00000 4.85437e-04
655.00000 4.10987e-04
656.00000 3.19526e-04
657.00000 2.24260e-04
658.00000 1.19190e-04
659.00000 -4.75813e-06
660.00000 -1.34719e-04
661.00000 -2.74790e-04
662.00000 -4.19136e-04
663.00000 -5.78819e-04
664.00000 -7.48518e-04
665.00000 -9.28396e-04
666.00000 -1.11878e-03
667.00000 -1.32022e-03
668.00000 -1.53353e-03
669.00000 -1.75130e-03
670.00000 -1.99188e-03
671.00000 -2.24943e-03
672.00000 -2.52705e-03
673.00000 -2.82886e-03
674.00000 -3.16033e-03
675.00000 -3.52867e-03
676.00000 -3.92706e-03
677.00000 -4.39822e-03
678.00000 -4.94405e-03
679.00000 -5.58608e-03
680.00000 -6.35285e-03
681.00000 -7.28245e-03
682.00000 -8.42600e-03
683.00000 -9.79383e-03
684.00000 -1.15824e-02
685.00000 -1.38745e-02
686.00000 -1.68521e-02
687.00000 -2.07745e-02
688.00000 -2.60184e-02
689.00000 6.11804e-03
690.00000 6.56729e-03
691.00000 7.05214e-03
692.00000 7.55453e-03
693.00000 8.07302e-03
694.00000 8.60581e-03
695.00000 9.15067e-03
696.00000 9.70490e-03
697.00000 1.02445e-02
698.00000 1.08177e-02
699.00000 1.13682e-02
700.00000 1.19222e-02
701.00000 1.24634e-02
702.00000 1.29852e-02
703.00000 1.34713e-02
704.00000 1.39318e-02
705.00000 1.43478e-02
706.00000 1.47032e-02
707.00000 1.50002e-02
708.00000 1.52196e-02
709.00000 1.53485e-02
710.00000 1.53738e-02
711.00000 1.52826e-02
712.00000 1.50586e-02
713.00000 1.46957e-02
714.00000 1.41661e-02
715.00000 1.34615e-02
716.00000 1.25698e-02
717.00000 1.14916e-02
718.00000 1.02122e-02
719.00000 8.71281e-03
720.00000 7.02150e-03
721.00000 5.13081e-03
722.00000 3.03193e-03
723.00000 7.82079e-04
724.00000 -1.63468e-03
725.00000 -4.14004e-03
726.00000 -6.73898e-03
727.00000 -9.33470e-03
728.00000 -1.19081e-02
729.00000 -1.43868e-02
730.00000 -1.67075e-02
731.00000 -1.88065e-02
732.00000 -2.06186e-02
733.00000 -2.20970e-02
734.00000 -2.31887e-02
735.00000 -2.38602e-02
736.00000 -2.40884e-02
737.00000 -2.37789e-02
738.00000 -2.35303e-02
739.00000 -2.32675e-02
740.00000 -2.30420e-02
741.00000 -2.28620e-02
742.00000 -2.27495e-02
743.00000 -2.26731e-02
744.00000 -2.26614e-02
745.00000 -2.27065e-02
746.00000 -2.28267e-02
747.00000 -2.30221e-02
748.00000 -2.32933e-02
749.00000 -2.35858e-02
750.00000 -2.39951e-02
751.00000 -2.44739e-02
752.00000 -2.49354e-02
753.00000 -2.55271e-02
754.00000 -2.61677e-02
755.00000 -2.68467e-02
756.00000 -2.74499e-02
757.00000 -2.81664e-02
758.00000 -2.88823e-02
759.00000 -2.94829e-02
760.00000 -3.01529e-02
761.00000 -3.07720e-02
762.00000 -3.13207e-02
763.00000 -3.17194e-02
764.00000 -3.20827e-02
765.00000 -3.23158e-02
766.00000 -3.23956e-02
767.00000 -3.23298e-02
768.00000 -3.20723e-02
769.00000 -3.16018e-02
770.00000 -3.10133e-02
771.00000 -3.00924e-02
772.00000 -2.88998e-02
773.00000 4.45779e+00
774.00000 1.98452e+00
775.00000 4.86129e-01
776.00000 -3.99433e-01
777.00000 -8.40185e-01
778.00000 -1.10863e+00
779.00000 -1.20044e+00
780.00000 -1.18572e+00
781.00000 -1.09665e+00
782.00000 -9.57461e-01
783.00000 -7.88055e-01
784.00000 -6.29328e-01
785.00000 -4.37026e-01
786.00000 -2.43664e-01
787.00000 -8.08649e-02
788.00000 1.02510e-01
789.00000 2.76452e-01
790.00000 4.39235e-01
791.00000 5.69007e-01
792.00000 7.08382e-01
793.00000 8.34423e-01
794.00000 4.50310e+00
795.00000 4.15977e+00
796.00000 3.73996e+00
797.00000 3.32237e+00
798.00000 2.99765e+00
799.00000 2.67108e+00
800.00000 2.40131e+00
801.00000 4.37432e-02
802.00000 4.65256e-02
803.00000 4.90372e-02
804.00000 5.12578e-02
805.00000 5.29173e-02
806.00000 5.45579e-02
807.00000 5.58719e-02
808.00000 5.67344e-02
809.00000 5.74312e-02
810.00000 5.77962e-02
811.00000 5.78338e-02
812.00000 5.76110e-02
813.00000 5.70619e-02
814.00000 5.62128e-02
815.00000 5.52566e-02
816.00000 5.38880e-02
817.00000 5.22629e-02
818.00000 5.03992e-02
819.00000 4.86260e-02
820.00000 4.63697e-02
821.00000 4.39305e-02
822.00000 4.17098e-02
823.00000 3.89858e-02
824.00000 3.61384e-02
825.00000 3.31887e-02
826.00000 3.05951e-02
827.00000 2.75115e-02
828.00000 2.43856e-02
829.00000 2.16883e-02
830.00000 1.85383e-02
831.00000 1.54039e-02
832.00000 1.23044e-02
833.00000 9.68968e-03
834.00000 6.70424e-03
835.00000 3.80528e-03
836.00000 1.40169e-03
837.00000 -1.29413e-03
838.00000 -3.85974e-03
839.00000 -6.28221e-03
840.00000 -8.23592e-03
841.00000 -1.03632e-02
842.00000 -1.23186e-02
843.00000 -1.38526e-02
844.00000 -1.54718e-02
845.00000 -1.69042e-02
846.00000 -1.81478e-02
847.00000 -1.90633e-02
848.00000 -1.99574e-02
849.00000 -2.06669e-02
850.00000 -2.11315e-02
851.00000 -2.15113e-02
852.00000 -2.17231e-02
853.00000 -2.17751e-02
854.00000 -2.16993e-02
855.00000 -2.14793e-02
856.00000 -2.11276e-02
857.00000 -2.07296e-02
858.00000 -2.01624e-02
859.00000 -1.94952e-02
860.00000 -1.87395e-02
861.00000 -1.80297e-02
862.00000 -1.71388e-02
863.00000 -1.61905e-02
864.00000 -1.53396e-02
865.00000 -1.43112e-02
866.00000 -1.32531e-02
867.00000 -1.21740e-02
868.00000 -1.12385e-02
869.00000 -1.01414e-02
870.00000 -9.04510e-03
871.00000 -8.11093e-03
872.00000 -7.03292e-03
873.00000 -5.97305e-03
874.00000 -4.93650e-03
875.00000 -4.07023e-03
876.00000 -3.08938e-03
877.00000 -2.14446e-03
878.00000 -1.36595e-03
879.00000 -4.97284e-04
880.00000 3.25863e-04
881.00000 1.10084e-03
882.00000 1.72503e-03
883.00000 2.40480e-03
884.00000 3.03091e-03
885.00000 3.52398e-03
886.00000 4.04767e-03
887.00000 4.51546e-03
888.00000 4.92733e-03
889.00000 5.26001e-03
890.00000 5.54535e-03
891.00000 5.80062e-03
892.00000 5.99045e-03
893.00000 6.13606e-03
894.00000 6.24503e-03
895.00000 6.30338e-03
896.00000 6.32201e-03
897.00000 6.30005e-03
898.00000 6.23618e-03
899.00000 6.14142e-03
900.00000 6.01438e-03
901.00000 5.84359e-03
902.00000 5.65543e-03
903.00000 5.42322e-03
904.00000 5.18222e-03
905.00000 4.89774e-03
906.00000 4.61268e-03
907.00000 4.30979e-03
908.00000 3.96634e-03
909.00000 3.63406e-03
910.00000 3.26490e-03
911.00000 2.91456e-03
912.00000 2.53258e-03
913.00000 2.17680e-03
914.00000 1.82321e-03
915.00000 1.44864e-03
916.00000 1.11014e-03
917.00000 7.59584e-04
918.00000 4.50595e-04
919.00000 1.39472e-04
920.00000 -1.26004e-04
921.00000 -3.65894e-04
922.00000 -5.92517e-04
923.00000 -7.70922e-04
924.00000 -9.26129e-04
925.00000 -1.03420e-03
926.00000 -1.11032e-03
927.00000 -1.14284e-03
928.00000 -1.13836e-03
929.00000 -1.09247e-03
930.00000 -1.01258e-03
931.00000 -8.87921e-04
932.00000 -7.38196e-04
933.00000 -5.43012e-04
934.00000 -3.33086e-04
935.00000 -9.86406e-05
936.00000 1.77411e-04
937.00000 4.51761e-04
938.00000 7.62048e-04
939.00000 1.05956e-03
940.00000 1.38498e-03
941.00000 1.68694e-03
942.00000 1.98376e-03
943.00000 2.29177e-03
944.00000 2.56110e-03
945.00000 2.82616e-03
946.00000 3.04215e-03
947.00000 3.23385e-03
948.00000 3.36546e-03
949.00000 3.44350e-03
950.00000 3.45672e-03
951.00000 3.39230e-03
952.00000 3.22735e-03
953.00000 2.97306e-03
954.00000 2.57620e-03
955.00000 2.08058e-03
956.00000 1.45044e-03
957.00000 -6.39472e-03
958.00000 -6.08944e-03
959.00000 -5.73618e-03
960.00000 -5.39027e-03
961.00000 -5.00377e-03
962.00000 -4.63651e-03
963.00000 -4.26548e-03
964.00000 -3.86624e-03
965.00000 -3.48581e-03
966.00000 -3.11370e-03
967.00000 -2.76650e-03
968.00000 -2.42048e-03
969.00000 -2.09197e-03
970.00000 -1.78324e-03
971.00000 -1.49620e-03
972.00000 -1.23231e-03
973.00000 -9.92639e-04
974.00000 -7.85352e-04
975.00000 -5.94787e-04
976.00000 -4.29313e-04
977.00000 -2.88529e-04
978.00000 -1.71721e-04
979.00000 -7.79019e-05
980.00000 -5.83806e-06
981.00000 4.43381e-05
982.00000 7.80459e-05
983.00000 9.47283e-05
984.00000 9.62221e-05
985.00000 8.44225e-05
986.00000 6.12462e-05
987.00000 2.85952e-05
988.00000 -1.00713e-05
989.00000 -5.60084e-05
990.00000 -1.06194e-04
991.00000 -1.59097e-04
992.00000 -2.13343e-04
993.00000 -2.67730e-04
994.00000 -3.21239e-04
995.00000 -3.71156e-04
996.00000 -4.20684e-04
997.00000 -4.67377e-04
998.00000 -5.10894e-04
999.00000 -5.51013e-04
1000.00000 -5.87605e-04
1001.00000 -6.20591e-04
1002.00000 -6.48888e-04
1003.00000 -6.75031e-04
1004.00000 -6.96415e-04
1005.00000 -7.14166e-04
1006.00000 -7.27577e-04
1007.00000 -7.36321e-04
1008.00000 -7.40011e-04
1009.00000 -7.38420e-04
1010.00000 -7.31103e-04
1011.00000 -7.18119e-04
1012.00000 -6.98878e-04
1013.00000 -6.73634e-04
1014.00000 -6.42659e-04
1015.00000 -6.07145e-04
1016.00000 -5.66421e-04
1017.00000 -5.21963e-04
1018.00000 -4.75655e-04
1019.00000 -4.26806e-04
1020.00000 -3.77376e-04
1021.00000 -3.28449e-04
1022.00000 -2.81462e-04
1023.00000 -2.36831e-04
1024.00000 -1.94914e-04
1025.00000 -1.57060e-04
1026.00000 -1.23268e-04
1027.00000 -9.35178e-05
1028.00000 -6.84384e-05
1029.00000 -4.74963e-05
1030.00000 -3.08908e-05
1031.00000 -1.80171e-05
1032.00000 -8.74166e-06
1033.00000 -2.47605e-06
1034.00000 1.20551e-06
1035.00000 2.80515e-06
1036.00000 2.83611e-06
1037.00000 1.81445e-06
1038.00000 2.37806e-07
1039.00000 -1.40349e-06
1040.00000 -2.64699e-06
1041.00000 -3.05044e-06
1042.00000 -1.42127e-05
1043.00000 -4.77413e-05
1044.00000 -1.04188e-04
1045.00000 -1.83966e-04
1046.00000 -2.88318e-04
1047.00000 -4.16834e-04
1048.00000 -5.71544e-04
1049.00000 -7.51654e-04
1050.00000 -9.60693e-04
1051.00000 -1.19733e-03
1052.00000 -1.46291e-03
1053.00000 -1.75548e-03
1054.00000 -2.08059e-03
1055.00000 -2.43623e-03
1056.00000 -2.82253e-03
1057.00000 -3.23467e-03
1058.00000 -3.68347e-03
1059.00000 -4.15939e-03
1060.00000 -4.66339e-03
1061.00000 -5.19394e-03
1062.00000 -5.74920e-03
1063.00000 -6.32709e-03
1064.00000 -6.91195e-03
1065.00000 -7.53112e-03
1066.00000 -8.16301e-03
1067.00000 -8.80872e-03
1068.00000 -9.46652e-03
1069.00000 -1.01351e-02
1070.00000 -1.08136e-02
1071.00000 -1.15018e-02
1072.00000 -1.21998e-02
1073.00000 -1.28906e-02
1074.00000 -1.36102e-02
1075.00000 -1.43541e-02
1076.00000 -1.51016e-02
1077.00000 -1.58653e-02
1078.00000 -1.66468e-02
1079.00000 -1.74476e-02
1080.00000 -1.82693e-02
1081.00000 -1.91130e-02
1082.00000 -1.99798e-02
1083.00000 -2.08707e-02
1084.00000 -2.17864e-02
1085.00000 -2.27274e-02
1086.00000 -2.36414e-02
1087.00000 -2.46333e-02
1088.00000 -2.56708e-02
1089.00000 -2.67177e-02
1090.00000 -2.77926e-02
1091.00000 -2.88963e-02
1092.00000 -3.00293e-02
1093.00000 -3.11927e-02
1094.00000 -3.23872e-02
1095.00000 -3.36139e-02
1096.00000 -3.48737e-02
1097.00000 -3.61679e-02
1098.00000 -3.74973e-02
1099.00000 -3.88631e-02
1100.00000 -4.02662e-02
1101.00000 -4.17077e-02
1102.00000 -4.31883e-02
1103.00000 -4.47089e-02
1104.00000 -4.62702e-02
1105.00000 -4.77830e-02
1106.00000 -4.95167e-02
1107.00000 -5.11084e-02
1108.00000 -5.29976e-02
1109.00000 -5.46711e-02
1110.00000 -5.65872e-02
1111.00000 -5.83417e-02
1112.00000 -6.03505e-02
1113.00000 -6.21873e-02
1114.00000 -6.40631e-02
1115.00000 -6.62127e-02
1116.00000 -6.81746e-02
1117.00000 -7.04260e-02
1118.00000 -7.24795e-02
1119.00000 -1.12363e+00
1120.00000 -1.06770e+00
1121.00000 -1.01308e+00
1122.00000 -9.63298e-01
1123.00000 -9.14599e-01
1124.00000 -8.70175e-01
1125.00000 -8.26658e-01
1126.00000 -7.86929e-01
1127.00000 -7.47972e-01
1128.00000 -7.12385e-01
1129.00000 -6.77464e-01
1130.00000 -6.45555e-01
1131.00000 -6.15303e-01
1132.00000 -5.85597e-01
1133.00000 -5.58449e-01
1134.00000 -5.31784e-01
1135.00000 -5.07858e-01
1136.00000 -4.83892e-01
1137.00000 -4.61990e-01
1138.00000 -4.40467e-01
1139.00000 -4.20795e-01
1140.00000 -4.01456e-01
1141.00000 -3.83776e-01
1142.00000 -3.66385e-01
1143.00000 -3.50479e-01
1144.00000 -3.34823e-01
1145.00000 -3.20495e-01
1146.00000 -3.06379e-01
1147.00000 -2.93453e-01
1148.00000 -2.81155e-01
1149.00000 -2.69020e-01
1150.00000 -2.57895e-01
1151.00000 -2.46905e-01
1152.00000 -2.36822e-01
1153.00000 -2.26849e-01
1154.00000 -2.17695e-01
1155.00000 -2.08630e-01
1156.00000 -2.00303e-01
1157.00000 -1.92050e-01
1158.00000 -1.84466e-01
1159.00000 -1.76940e-01
1160.00000 -1.70022e-01
1161.00000 -1.63149e-01
1162.00000 -1.56830e-01
1163.00000 -1.50544e-01
1164.00000 -1.44761e-01
1165.00000 -1.39001e-01
1166.00000 -1.33912e-01
1167.00000 -1.28409e-01
1168.00000 -1.23537e-01
1169.00000 -1.18857e-01
1170.00000 -1.14358e-01
1171.00000 -1.09670e-01
1172.00000 -1.05513e-01
1173.00000 -1.01507e-01
1174.00000 -9.76410e-02
1175.00000 -9.36803e-02
1176.00000 -9.00730e-02
1177.00000 -8.65820e-02
1178.00000 -8.32007e-02
1179.00000 -7.96262e-02
1180.00000 -7.64527e-02
1181.00000 -7.33726e-02
1182.00000 -7.03818e-02
1183.00000 -6.72038e-02
1184.00000 -6.43880e-02
1185.00000 -6.16536e-02
1186.00000 -5.89990e-02
1187.00000 -5.64231e-02
1188.00000 -5.36804e-02
1189.00000 -5.12664e-02
1190.00000 -4.89303e-02
1191.00000 -4.66724e-02
1192.00000 -4.42736e-02
1193.00000 -4.21805e-02
1194.00000 -4.01676e-02
1195.00000 -3.82359e-02
1196.00000 -3.61948e-02
1197.00000 -3.44355e-02
1198.00000 -3.27601e-02
1199.00000 -3.11695e-02
1200.00000 -2.95046e-02
1201.00000 -2.80943e-02
1202.00000 -2.67713e-02
1203.00000 -2.55360e-02
1204.00000 -2.43889e-02
1205.00000 -2.32115e-02
1206.00000 -2.22494e-02
1207.00000 -2.13755e-02
1208.00000 -2.05891e-02
1209.00000 -1.98035e-02
1210.00000 -1.91970e-02
1211.00000 -1.86739e-02
1212.00000 -1.82324e-02
1213.00000 -1.78139e-02
1214.00000 -1.75338e-02
1215.00000 -1.73258e-02
1216.00000 -1.71859e-02
1217.00000 -1.70779e-02
1218.00000 -1.70653e-02
1219.00000 -1.71058e-02
1220.00000 -1.71936e-02
1221.00000 -1.73230e-02
1222.00000 -1.74728e-02
1223.00000 -1.76677e-02
1224.00000 -1.78844e-02
1225.00000 -1.81165e-02
1226.00000 -1.83437e-02
1227.00000 -1.85862e-02
1228.00000 -1.12891e-01
1229.00000 -1.09150e-01
1230.00000 -1.05816e-01
1231.00000 -1.02654e-01
1232.00000 -1.01010e-01
1233.00000 -9.82476e-02
1234.00000 -9.58059e-02
1235.00000 -9.33961e-02
1236.00000 -9.22266e-02
1237.00000 -9.00344e-02
1238.00000 -8.89710e-02
1239.00000 -8.60570e-02
1240.00000 -8.50661e-02
1241.00000 -8.31366e-02
1242.00000 -8.21454e-02
1243.00000 -7.94795e-02
1244.00000 -7.84703e-02
1245.00000 -7.66071e-02
1246.00000 -7.55426e-02
1247.00000 -7.29554e-02
1248.00000 -7.18391e-02
1249.00000 -6.99602e-02
1250.00000 -6.87848e-02
1251.00000 -6.62332e-02
1252.00000 -6.50235e-02
1253.00000 -6.31485e-02
1254.00000 -6.19178e-02
1255.00000 -6.00702e-02
1256.00000 -5.76613e-02
1257.00000 -5.64765e-02
1258.00000 -5.47491e-02
1259.00000 -5.36263e-02
1260.00000 -5.14757e-02
1261.00000 -5.04675e-02
1262.00000 -4.90081e-02
1263.00000 -4.81363e-02
1264.00000 -4.63965e-02
1265.00000 -4.57126e-02
1266.00000 -4.46552e-02
1267.00000 -4.41705e-02
1268.00000 -4.29707e-02
1269.00000 -4.27277e-02
1270.00000 -4.21702e-02
1271.00000 -4.21645e-02
1272.00000 -4.18655e-02
1273.00000 -4.18410e-02
1274.00000 -4.18248e-02
1275.00000 -4.23284e-02
1276.00000 -4.25674e-02
1277.00000 -4.31273e-02
1278.00000 -4.36282e-02
1279.00000 -4.46037e-02
1280.00000 -4.53252e-02
1281.00000 -4.63898e-02
1282.00000 -4.73211e-02
1283.00000 -4.86697e-02
1284.00000 -4.97608e-02
1285.00000 -5.11895e-02
1286.00000 -5.24152e-02
1287.00000 -5.39918e-02
1288.00000 -5.52992e-02
1289.00000 -5.69120e-02
1290.00000 -5.82725e-02
1291.00000 -5.99049e-02
1292.00000 -6.12572e-02
1293.00000 -6.28594e-02
1294.00000 -6.41727e-02
1295.00000 -6.57013e-02
1296.00000 -6.69364e-02
1297.00000 -6.83585e-02
1298.00000 -6.94847e-02
1299.00000 -7.07727e-02
1300.00000 -7.17307e-02
1301.00000 -7.28491e-02
1302.00000 -7.36734e-02
1303.00000 -7.46190e-02
1304.00000 -7.52748e-02
1305.00000 -7.60403e-02
1306.00000 -7.65220e-02
1307.00000 -7.71069e-02
1308.00000 -7.74155e-02
1309.00000 -7.74542e-02
1310.00000 -7.77616e-02
1311.00000 -7.78065e-02
1312.00000 -7.79565e-02
1313.00000 -7.78529e-02
1314.00000 -7.78622e-02
1315.00000 -7.76264e-02
1316.00000 -7.75138e-02
1317.00000 -7.68379e-02
1318.00000 -7.66092e-02
1319.00000 -7.61509e-02
1320.00000 -7.58412e-02
1321.00000 -7.53078e-02
1322.00000 -7.49356e-02
1323.00000 -7.43445e-02
1324.00000 -7.39269e-02
1325.00000 -7.28849e-02
1326.00000 -7.24316e-02
1327.00000 -7.17681e-02
1328.00000 -7.12996e-02
1329.00000 -7.06248e-02
1330.00000 -7.01523e-02
1331.00000 -6.94775e-02
1332.00000 -6.90105e-02
1333.00000 -6.83459e-02
1334.00000 -6.74779e-02
1335.00000 -6.68375e-02
1336.00000 -6.64087e-02
1337.00000 -6.57960e-02
1338.00000 -6.53925e-02
1339.00000 -6.48127e-02
1340.00000 -6.44366e-02
1341.00000 -6.38926e-02
1342.00000 -6.31988e-02
1343.00000 -6.27036e-02
1344.00000 -6.23914e-02
1345.00000 -6.19323e-02
1346.00000 -6.16412e-02
1347.00000 -6.12142e-02
1348.00000 -6.09373e-02
1349.00000 -6.05364e-02
1350.00000 -6.02653e-02
1351.00000 -5.96600e-02
1352.00000 -5.93984e-02
1353.00000 -5.90426e-02
1354.00000 -5.87692e-02
1355.00000 -5.84185e-02
1356.00000 -5.81264e-02
1357.00000 -5.77763e-02
1358.00000 -5.74616e-02
1359.00000 -5.70018e-02
1360.00000 -5.66763e-02
1361.00000 -5.63372e-02
1362.00000 -5.59988e-02
1363.00000 -5.56283e-02
1364.00000 -5.52474e-02
1365.00000 -5.47557e-02
1366.00000 -5.41386e-02
1367.00000 -5.30901e-02
1368.00000 -5.05747e-02
1369.00000 -4.56096e-02
1370.00000 -3.38812e-02
1371.00000 -4.89081e-03
1372.00000 5.94517e-02
1373.00000 1.49564e-01
1374.00000 2.03959e-01
1375.00000 2.13976e-01
1376.00000 2.04231e-01
1377.00000 1.97829e-01
1378.00000 1.92272e-01
1379.00000 1.89689e-01
1380.00000 1.87791e-01
1381.00000 1.88085e-01
1382.00000 1.88530e-01
1383.00000 1.90600e-01
1384.00000 1.92494e-01
1385.00000 1.95379e-01
1386.00000 1.98279e-01
1387.00000 2.02211e-01
1388.00000 2.05614e-01
1389.00000 2.09894e-01
1390.00000 2.13549e-01
1391.00000 2.17966e-01
1392.00000 2.21668e-01
1393.00000 2.26040e-01
1394.00000 2.29561e-01
1395.00000 2.33693e-01
1396.00000 2.36873e-01
1397.00000 2.40649e-01
1398.00000 2.43307e-01
1399.00000 2.46590e-01
1400.00000 2.48521e-01
1401.00000 2.51126e-01
1402.00000 2.50523e-01
1403.00000 2.51857e-01
1404.00000 2.50992e-01
1405.00000 2.50640e-01
1406.00000 2.47614e-01
1407.00000 2.43685e-01
1408.00000 2.37213e-01
1409.00000 2.23290e-01
1410.00000 2.16484e-01
1411.00000 1.97048e-01
1412.00000 1.83865e-01
1413.00000 1.18032e-01
1414.00000 2.19761e-02
1415.00000 6.20747e-02
1416.00000 3.87170e-01
1417.00000 1.57398e-01
1418.00000 1.09588e-01
1419.00000 1.60686e-01
1420.00000 1.61712e-01
1421.00000 2.30243e-01
1422.00000 1.64569e-01
1423.00000 1.35172e-01
1424.00000 2.13986e-01
1425.00000 1.67841e-01
1426.00000 1.42497e-01
1427.00000 1.69891e-01
1428.00000 1.70500e-01
1429.00000 2.05503e-01
1430.00000 1.72113e-01
1431.00000 1.50355e-01
1432.00000 2.03966e-01
1433.00000 1.73802e-01
1434.00000 1.53051e-01
1435.00000 1.74753e-01
1436.00000 1.75013e-01
1437.00000 2.03051e-01
1438.00000 1.75609e-01
1439.00000 1.55560e-01
1440.00000 2.02812e-01
1441.00000 1.75856e-01
1442.00000 1.55700e-01
1443.00000 1.75301e-01
1444.00000 1.74855e-01
1445.00000 1.99970e-01
1446.00000 1.71921e-01
1447.00000 1.49976e-01
1448.00000 1.89049e-01
1449.00000 1.55880e-01
1450.00000 1.25602e-01
1451.00000 6.79057e-02
1452.00000 -2.84578e-02
1453.00000 -2.44183e-02
1454.00000 -6.21993e-03
1455.00000 1.92066e-03
1456.00000 5.15150e-03
1457.00000 6.91339e-03
1458.00000 7.63020e-03
1459.00000 7.22744e-03
1460.00000 6.84786e-03
1461.00000 5.73575e-03
1462.00000 5.00883e-03
1463.00000 4.15024e-03
1464.00000 2.67919e-03
1465.00000 1.65829e-03
1466.00000 5.71725e-04
1467.00000 -1.20915e-03
1468.00000 -2.20766e-03
1469.00000 -3.41353e-03
1470.00000 -5.29124e-03
1471.00000 -6.34111e-03
1472.00000 -8.25216e-03
1473.00000 -9.53150e-03
1474.00000 -1.08195e-02
1475.00000 -1.25358e-02
1476.00000 -1.38260e-02
1477.00000 -1.51142e-02
1478.00000 -1.70341e-02
1479.00000 -1.80953e-02
1480.00000 -1.99950e-02
1481.00000 -2.12411e-02
1482.00000 -2.24707e-02
1483.00000 -2.41240e-02
1484.00000 -2.53159e-02
1485.00000 -2.64850e-02
1486.00000 -2.82565e-02
1487.00000 -2.92113e-02
1488.00000 -3.09323e-02
1489.00000 -3.19916e-02
1490.00000 -3.30197e-02
1491.00000 -3.45186e-02
1492.00000 -3.54863e-02
1493.00000 -3.64195e-02
1494.00000 -3.79360e-02
1495.00000 -3.87187e-02
1496.00000 -4.01713e-02
1497.00000 -4.09633e-02
1498.00000 -4.17184e-02
1499.00000 -4.30250e-02
1500.00000 -4.37142e-02
1501.00000 -4.43669e-02
1502.00000 -4.55992e-02
1503.00000 -4.61948e-02
1504.00000 -4.73686e-02
1505.00000 -4.78873e-02
1506.00000 -4.83733e-02
1507.00000 -4.95071e-02
1508.00000 -4.99400e-02
1509.00000 -5.03439e-02
1510.00000 -5.13441e-02
1511.00000 -5.17895e-02
1512.00000 -5.27531e-02
1513.00000 -5.30669e-02
1514.00000 -5.33610e-02
1515.00000 -5.43911e-02
1516.00000 -5.46586e-02
1517.00000 -5.49124e-02
1518.00000 -5.57938e-02
1519.00000 -5.61649e-02
1520.00000 -5.70380e-02
1521.00000 -5.72657e-02
1522.00000 -5.76307e-02
1523.00000 -5.85011e-02
1524.00000 -5.87285e-02
1525.00000 -5.89585e-02
1526.00000 -5.99778e-02
1527.00000 -6.02188e-02
1528.00000 -6.04671e-02
1529.00000 -6.13718e-02
1530.00000 -6.17647e-02
1531.00000 -6.26828e-02
1532.00000 -6.29722e-02
1533.00000 -6.32744e-02
1534.00000 -6.43291e-02
1535.00000 -6.46540e-02
1536.00000 -6.49932e-02
1537.00000 -6.59698e-02
1538.00000 -6.64183e-02
1539.00000 -6.74030e-02
1540.00000 -6.77908e-02
1541.00000 -6.81922e-02
1542.00000 -6.92558e-02
1543.00000 -6.96742e-02
1544.00000 -7.01042e-02
1545.00000 -7.11148e-02
1546.00000 -7.15982e-02
1547.00000 -7.25988e-02
1548.00000 -7.30509e-02
1549.00000 -7.35086e-02
1550.00000 -7.45184e-02
1551.00000 -7.49744e-02
1552.00000 -7.54316e-02
1553.00000 -7.63868e-02
1554.00000 -7.68485e-02
1555.00000 -7.77677e-02
1556.00000 -7.81973e-02
1557.00000 -7.86193e-02
1558.00000 -7.94921e-02
1559.00000 -7.98860e-02
1560.00000 -8.02668e-02
1561.00000 -8.10461e-02
1562.00000 -8.14089e-02
1563.00000 -8.21219e-02
1564.00000 -8.24158e-02
1565.00000 -8.26872e-02
1566.00000 -8.33275e-02
1567.00000 -8.35433e-02
1568.00000 -8.37318e-02
1569.00000 -8.42051e-02
1570.00000 -8.43873e-02
1571.00000 -8.47649e-02
1572.00000 -8.48109e-02
1573.00000 -8.48221e-02
1574.00000 -8.51361e-02
1575.00000 -8.50685e-02
1576.00000 -8.49624e-02
1577.00000 -8.51379e-02
1578.00000 -8.49466e-02
1579.00000 -8.47140e-02
1580.00000 -8.45907e-02
1581.00000 -8.44198e-02
1582.00000 -8.41725e-02
1583.00000 -8.37469e-02
1584.00000 -8.32766e-02
1585.00000 -8.30341e-02
1586.00000 -8.24682e-02
1587.00000 -8.18568e-02
1588.00000 -8.12189e-02
1589.00000 -8.07469e-02
1590.00000 -7.99793e-02
1591.00000 -7.91652e-02
1592.00000 -7.83064e-02
1593.00000 -7.76268e-02
1594.00000 -7.66737e-02
1595.00000 -7.56776e-02
1596.00000 -7.45255e-02
1597.00000 -7.37577e-02
1598.00000 -7.24859e-02
1599.00000 -7.13043e-02
1600.00000 -7.00845e-02
1601.00000 -6.89997e-02
1602.00000 -6.77001e-02
1603.00000 -6.63663e-02
1604.00000 -6.47657e-02
1605.00000 -6.37467e-02
1606.00000 -6.20521e-02
1607.00000 -6.05769e-02
1608.00000 -5.90764e-02
1609.00000 -5.76684e-02
1610.00000 -5.61145e-02
1611.00000 -5.45417e-02
1612.00000 -5.26193e-02
1613.00000 -5.14306e-02
1614.00000 -4.94528e-02
1615.00000 -4.78069e-02
1616.00000 -4.61549e-02
1617.00000 -4.45463e-02
1618.00000 -4.28774e-02
1619.00000 -4.12109e-02
1620.00000 -3.91435e-02
1621.00000 -3.78977e-02
1622.00000 -3.58230e-02
1623.00000 -3.41727e-02
1624.00000 -3.25416e-02
1625.00000 -3.08820e-02
1626.00000 -2.92791e-02
1627.00000 -2.77063e-02
1628.00000 -2.60673e-02
1629.00000 -2.45407e-02
1630.00000 -2.30560e-02
1631.00000 -2.11373e-02
1632.00000 -2.00383e-02
1633.00000 -1.81845e-02
1634.00000 -1.68659e-02
1635.00000 -1.56124e-02
1636.00000 -1.41298e-02
1637.00000 -1.29751e-02
1638.00000 -1.19010e-02
1639.00000 -1.03566e-02
1640.00000 -9.54759e-03
1641.00000 -8.11163e-03
1642.00000 -7.32922e-03
1643.00000 -6.65974e-03
1644.00000 -5.41940e-03
1645.00000 -4.90254e-03
1646.00000 -4.52316e-03
1647.00000 -3.51992e-03
1648.00000 -3.14786e-03
1649.00000 -2.25101e-03
1650.00000 -2.31116e-03
1651.00000 -2.57957e-03
1652.00000 -1.39739e-03
1653.00000 -1.87787e-03
1654.00000 -2.65222e-03
1655.00000 -2.08801e-03
1656.00000 -2.26270e-03
1657.00000 -1.49334e-03
1658.00000 -3.10537e-03
1659.00000 -5.70484e-03
1660.00000 -1.69614e-03
1661.00000 -4.97738e-03
1662.00000 -1.87621e-02
1663.00000 -4.53214e-02
1664.00000 -4.50162e-02
1665.00000 -4.52412e-02
1666.00000 2.53789e+00
1667.00000 1.92440e+00
1668.00000 1.49438e+00
1669.00000 1.16155e+00
1670.00000 9.12658e-01
1671.00000 6.87251e-01
1672.00000 5.82105e-01
1673.00000 4.45461e-01
1674.00000 3.60934e-01
1675.00000 2.93822e-01
1676.00000 2.40376e-01
1677.00000 1.96731e-01
1678.00000 1.61206e-01
1679.00000 1.25521e-01
1680.00000 1.07838e-01
1681.00000 8.78222e-02
1682.00000 6.71638e-02
1683.00000 5.67869e-02
1684.00000 4.20540e-02
1685.00000 3.23965e-02
1686.00000 2.41552e-02
1687.00000 1.69000e-02
1688.00000 1.08600e-02
1689.00000 5.65332e-03
1690.00000 4.83616e-05
1691.00000 -2.82363e-03
1692.00000 -6.97077e-03
1693.00000 -9.73702e-03
1694.00000 -1.21243e-02
1695.00000 -1.41446e-02
1696.00000 -1.58693e-02
1697.00000 -1.73275e-02
1698.00000 -1.87186e-02
1699.00000 -1.93920e-02
1700.00000 -2.01777e-02
1701.00000 -2.06796e-02
1702.00000 -2.10027e-02
1703.00000 -2.08917e-02
1704.00000 -2.08506e-02
1705.00000 -2.06477e-02
1706.00000 -1.99078e-02
1707.00000 -1.93954e-02
1708.00000 -1.81876e-02
1709.00000 -1.72649e-02
1710.00000 -1.61803e-02
1711.00000 -1.44532e-02
1712.00000 -1.30125e-02
1713.00000 -1.13991e-02
1714.00000 -8.71722e-03
1715.00000 -7.06490e-03
1716.00000 -3.85632e-03
1717.00000 -1.41417e-03
1718.00000 1.23171e-03
1719.00000 4.74615e-03
1720.00000 7.83790e-03
1721.00000 1.11568e-02
1722.00000 1.61695e-02
1723.00000 1.92294e-02
1724.00000 2.49042e-02
1725.00000 2.93072e-02
1726.00000 3.39870e-02
1727.00000 3.97148e-02
1728.00000 4.49837e-02
1729.00000 5.05627e-02
1730.00000 5.85652e-02
1731.00000 6.34635e-02
1732.00000 7.23136e-02
1733.00000 9.57783e+02
1734.00000 9.32229e+02
1735.00000 8.89287e+02
1736.00000 8.57593e+02
1737.00000 8.25711e+02
1738.00000 7.92962e+02
1739.00000 7.62816e+02
1740.00000 7.32648e+02
1741.00000 6.95298e+02
1742.00000 6.73473e+02
1743.00000 6.37364e+02
1744.00000 6.10042e+02
1745.00000 5.82926e+02
1746.00000 5.55896e+02
1747.00000 5.30246e+02
1748.00000 5.04902e+02
1749.00000 1.46438e+00
1750.00000 1.60091e+00
1751.00000 1.80788e+00
1752.00000 2.11343e+00
1753.00000 2.47685e+00
1754.00000 2.65881e+00
1755.00000 3.13801e+00
1756.00000 3.71069e+00
1757.00000 4.29623e+00
1758.00000 4.78384e+00
1759.00000 5.57044e+00
1760.00000 6.63922e+00
1761.00000 7.89955e+00
1762.00000 8.65009e+00
1763.00000 1.02559e+01
1764.00000 1.20863e+01
1765.00000 1.39046e+01
1766.00000 1.52620e+01
1767.00000 1.71915e+01
1768.00000 1.94241e+01
1769.00000 2.15672e+01
1770.00000 2.20962e+01
1771.00000 2.36365e+01
1772.00000 2.47171e+01
1773.00000 1.33746e-01
1774.00000 1.31175e-01
1775.00000 1.55683e-01
1776.00000 1.65835e-01
1777.00000 1.76982e-01
1778.00000 2.37485e-01
1779.00000 2.48957e-01
1780.00000 2.56449e-01
1781.00000 3.09658e-01
1782.00000 3.27048e-01
1783.00000 3.82190e-01
1784.00000 3.66765e-01
1785.00000 3.23712e-01
1786.00000 4.65213e-01
1787.00000 -5.11592e-02
1788.00000 2.19761e-02
1789.00000 2.02526e-01
1790.00000 1.90195e-01
1791.00000 1.91162e-01
1792.00000 1.87417e-01
1793.00000 1.80149e-01
1794.00000 1.71281e-01
1795.00000 1.65122e-01
1796.00000 1.56573e-01
1797.00000 1.49486e-01
1798.00000 1.39187e-01
1799.00000 1.32026e-01
1800.00000 1.22981e-01
1801.00000 1.16968e-01
1802.00000 1.07216e-01
1803.00000 1.01647e-01
1804.00000 9.42007e-02
1805.00000 8.85893e-02
1806.00000 8.17537e-02
1807.00000 7.69883e-02
1808.00000 7.16400e-02
1809.00000 6.80086e-02
1810.00000 6.29758e-02
1811.00000 6.01067e-02
1812.00000 5.66420e-02
1813.00000 5.42325e-02
1814.00000 5.13404e-02
1815.00000 4.96449e-02
1816.00000 4.82592e-02
1817.00000 4.65491e-02
1818.00000 4.58242e-02
1819.00000 4.50068e-02
1820.00000 4.53391e-02
1821.00000 4.47093e-02
1822.00000 4.58671e-02
1823.00000 4.65769e-02
1824.00000 4.80446e-02
1825.00000 4.97472e-02
1826.00000 5.21401e-02
1827.00000 5.44690e-02
1828.00000 5.80549e-02
1829.00000 5.81609e-02
1830.00000 5.62502e-02
1831.00000 4.91567e-02
1832.00000 4.08443e-02
1833.00000 3.28810e-02
1834.00000 2.85240e-02
1835.00000 2.61613e-02
1836.00000 2.54990e-02
1837.00000 2.54395e-02
1838.00000 2.59857e-02
1839.00000 2.64390e-02
1840.00000 2.67147e-02
1841.00000 2.59881e-02
1842.00000 2.53958e-02
1843.00000 2.44870e-02
1844.00000 2.18684e-02
1845.00000 2.06482e-02
1846.00000 2.17292e-02
1847.00000 9.03698e-03
1848.00000 2.91510e-03
1849.00000 1.44912e-03
1850.00000 6.43733e-04
1851.00000 -1.38760e-04
1852.00000 -2.70378e-05
1853.00000 -6.60203e-04
1854.00000 -1.15525e-03
1855.00000 -1.35060e-03
1856.00000 -1.35696e-03
1857.00000 -1.49703e-03
1858.00000 -1.74191e-03
1859.00000 -2.00904e-03
1860.00000 -1.59713e-03
1861.00000 -1.73986e-03
1862.00000 -1.68085e-03
1863.00000 -1.54666e-03
1864.00000 -1.07201e-03
1865.00000 -8.53932e-04
1866.00000 -4.91790e-04
1867.00000 -1.95202e-04
1868.00000 5.49499e-04
1869.00000 9.72841e-04
1870.00000 1.46925e-03
1871.00000 2.32515e-03
1872.00000 2.93567e-03
1873.00000 3.80411e-03
1874.00000 4.40649e-03
1875.00000 5.53130e-03
1876.00000 6.17061e-03
1877.00000 7.25239e-03
1878.00000 8.17452e-03
1879.00000 9.19421e-03
1880.00000 1.01800e-02
1881.00000 1.14396e-02
1882.00000 1.21560e-02
1883.00000 1.35408e-02
1884.00000 1.42386e-02
1885.00000 1.55996e-02
1886.00000 1.67407e-02
1887.00000 1.77013e-02
1888.00000 1.88567e-02
1889.00000 2.02876e-02
1890.00000 2.09068e-02
1891.00000 2.23458e-02
1892.00000 2.28952e-02
1893.00000 2.43143e-02
1894.00000 2.54631e-02
1895.00000 2.61502e-02
1896.00000 2.72502e-02
1897.00000 2.84658e-02
1898.00000 2.88406e-02
1899.00000 2.99734e-02
1900.00000 3.10675e-02
1901.00000 3.12445e-02
1902.00000 3.21784e-02
1903.00000 3.21492e-02
1904.00000 3.29649e-02
1905.00000 3.37049e-02
1906.00000 3.32931e-02
1907.00000 3.38360e-02
1908.00000 3.42838e-02
1909.00000 3.34777e-02
1910.00000 3.35474e-02
1911.00000 3.24139e-02
1912.00000 3.23744e-02
1913.00000 3.22217e-02
1914.00000 3.06150e-02
1915.00000 3.02120e-02
1916.00000 2.97024e-02
1917.00000 2.75872e-02
1918.00000 2.69199e-02
1919.00000 2.45079e-02
1920.00000 2.35920e-02
1921.00000 2.26244e-02
1922.00000 2.00129e-02
1923.00000 1.89790e-02
1924.00000 1.79602e-02
1925.00000 1.52918e-02
1926.00000 1.43742e-02
1927.00000 1.35688e-02
1928.00000 1.09900e-02
1929.00000 1.06904e-02
1930.00000 8.50712e-03
1931.00000 8.57547e-03
1932.00000 8.99796e-03
1933.00000 8.04822e-03
1934.00000 9.37281e-03
1935.00000 1.12436e-02
1936.00000 1.18971e-02
1937.00000 1.48177e-02
1938.00000 1.70730e-02
1939.00000 2.19768e-02
1940.00000 -1.04732e-03
1941.00000 -1.34580e-03
1942.00000 -1.17170e-03
1943.00000 -9.20612e-04
1944.00000 -1.13663e-03
1945.00000 -5.91031e-04
1946.00000 -6.14538e-04
1947.00000 1.15311e-05
1948.00000 7.46047e-04
1949.00000 1.15551e-03
1950.00000 2.11934e-03
1951.00000 3.20504e-03
1952.00000 3.97515e-03
1953.00000 5.31246e-03
1954.00000 6.78006e-03
1955.00000 7.91679e-03
1956.00000 9.66307e-03
1957.00000 1.10043e-02
1958.00000 1.30036e-02
1959.00000 1.51332e-02
1960.00000 1.69143e-02
1961.00000 1.92863e-02
1962.00000 2.17788e-02
1963.00000 2.39462e-02
1964.00000 2.65669e-02
1965.00000 2.89042e-02
1966.00000 3.17863e-02
1967.00000 3.47527e-02
1968.00000 3.71227e-02
1969.00000 4.01881e-02
1970.00000 4.33052e-02
1971.00000 4.57009e-02
1972.00000 4.86642e-02
1973.00000 5.10013e-02
1974.00000 5.40611e-02
1975.00000 5.70977e-02
1976.00000 5.88495e-02
1977.00000 6.16913e-02
1978.00000 6.44596e-02
1979.00000 6.55212e-02
1980.00000 6.79593e-02
1981.00000 7.02056e-02
1982.00000 7.03835e-02
1983.00000 7.21056e-02
1984.00000 7.13015e-02
1985.00000 7.25314e-02
1986.00000 7.35461e-02
1987.00000 7.10255e-02
1988.00000 7.11886e-02
1989.00000 -2.52813e-01
1990.00000 -1.90015e-01
1991.00000 -1.63193e-01
1992.00000 -1.19364e-01
1993.00000 -1.00155e-01
1994.00000 -8.45053e-02
1995.00000 -6.13352e-02
1996.00000 -5.23830e-02
1997.00000 -4.55437e-02
1998.00000 -3.34496e-02
1999.00000 -3.11412e-02
2000.00000 -2.49677e-02
2001.00000 -2.47042e-02
2002.00000 -2.46703e-02
2003.00000 -2.36283e-02
2004.00000 -2.40884e-02
