0.00000 2.95502e-03
1.00000 7.40573e-04
2.00000 1.95683e-03
3.00000 4.44092e-05
4.00000 -1.06980e-02
5.00000 -2.78036e-02
6.00000 -3.52480e-02
7.00000 -3.65532e-02
8.00000 -3.71502e-02
9.00000 -3.84818e-02
10.00000 -4.07293e-02
11.00000 -4.37606e-02
12.00000 -4.73264e-02
13.00000 -5.12426e-02
14.00000 -5.51948e-02
15.00000 -5.88536e-02
16.00000 -6.20003e-02
17.00000 -6.43350e-02
18.00000 -6.56390e-02
19.00000 -6.57969e-02
20.00000 -6.47306e-02
21.00000 -6.24905e-02
22.00000 -5.90949e-02
23.00000 -5.48311e-02
24.00000 -4.98434e-02
25.00000 -4.42436e-02
26.00000 -3.84723e-02
27.00000 -3.26428e-02
28.00000 -2.68407e-02
29.00000 -2.14504e-02
30.00000 -1.64889e-02
31.00000 -1.19689e-02
32.00000 -8.11825e-03
33.00000 -4.86800e-03
34.00000 -2.16255e-03
35.00000 -7.29188e-05
36.00000 1.48386e-03
37.00000 2.55352e-03
38.00000 3.16952e-03
39.00000 3.44900e-03
40.00000 3.47304e-03
41.00000 3.31183e-03
42.00000 3.02679e-03
43.00000 2.66541e-03
44.00000 2.24763e-03
45.00000 1.82833e-03
46.00000 1.39887e-03
47.00000 9.24508e-04
48.00000 1.45701e-04
49.00000 1.37334e-04
50.00000 8.67343e-04
51.00000 7.49704e-04
52.00000 5.02163e-04
53.00000 4.82940e-04
54.00000 3.39126e-04
55.00000 -6.29069e-05
56.00000 -2.76051e-04
57.00000 -4.07953e-04
58.00000 -5.24185e-04
59.00000 -6.32759e-04
60.00000 -7.39877e-04
61.00000 -8.94313e-04
62.00000 -1.09098e-03
63.00000 -1.31399e-03
64.00000 -1.55412e-03
65.00000 -1.81664e-03
66.00000 -2.11912e-03
67.00000 -2.40519e-03
68.00000 -2.63621e-03
69.00000 -2.85363e-03
70.00000 -3.05588e-03
71.00000 -3.23526e-03
72.00000 -3.36769e-03
73.00000 -3.36002e-03
74.00000 -3.29223e-03
75.00000 -3.27156e-03
76.00000 -3.21908e-03
77.00000 -3.11108e-03
78.00000 -2.94484e-03
79.00000 -2.71169e-03
80.00000 -2.43150e-03
81.00000 -2.10078e-03
82.00000 -1.72530e-03
83.00000 -1.31278e-03
84.00000 -8.72803e-04
85.00000 -4.16531e-04
86.00000 4.38200e-05
87.00000 5.29766e-04
88.00000 9.59061e-04
89.00000 1.35615e-03
90.00000 1.71209e-03
91.00000 2.02008e-03
92.00000 2.27567e-03
93.00000 2.47669e-03
94.00000 2.62310e-03
95.00000 2.71682e-03
96.00000 2.76156e-03
97.00000 2.76286e-03
98.00000 2.72842e-03
99.00000 2.66159e-03
100.00000 2.55781e-03
101.00000 2.14996e-03
102.00000 1.28523e-03
103.00000 8.06901e-04
104.00000 4.75866e-04
105.00000 1.89512e-04
106.00000 -4.06201e-05
107.00000 -3.92381e-04
108.00000 -8.29176e-04
109.00000 -1.28996e-03
110.00000 -1.74217e-03
111.00000 -2.18708e-03
112.00000 -2.58003e-03
113.00000 -3.03523e-03
114.00000 -3.60569e-03
115.00000 -4.30178e-03
116.00000 -5.12446e-03
117.00000 -6.05907e-03
118.00000 -7.00621e-03
119.00000 -7.83071e-03
120.00000 -8.54532e-03
121.00000 -9.18959e-03
122.00000 -9.76399e-03
123.00000 -1.00996e-02
124.00000 -1.01301e-02
125.00000 -9.70903e-03
126.00000 -8.64473e-03
127.00000 -6.68433e-03
128.00000 -3.49305e-03
129.00000 1.37423e-03
130.00000 8.51267e-03
131.00000 1.87240e-02
132.00000 3.30980e-02
133.00000 5.31319e-02
134.00000 8.34409e-02
135.00000 1.22859e-01
136.00000 1.77504e-01
137.00000 2.53565e-01
138.00000 3.60075e-01
139.00000 5.10353e-01
140.00000 7.24244e-01
141.00000 1.03181e+00
142.00000 1.48067e+00
143.00000 2.15535e+00
144.00000 3.23987e+00
145.00000 5.15903e+00
146.00000 -6.45453e+00
147.00000 -2.69486e+00
148.00000 -1.50275e+00
149.00000 -7.41706e-01
150.00000 -3.60523e-01
151.00000 -1.70426e-01
152.00000 -5.67262e-02
153.00000 -1.46177e-02
154.00000 2.64170e-03
155.00000 6.42457e-03
156.00000 3.03589e-03
157.00000 -3.16066e-03
158.00000 -1.04613e-02
159.00000 -1.66505e-02
160.00000 -2.27328e-02
161.00000 -2.66317e-02
162.00000 -2.95330e-02
163.00000 -3.06709e-02
164.00000 -3.03157e-02
165.00000 -2.84863e-02
166.00000 -2.58436e-02
167.00000 -2.16985e-02
168.00000 -1.74031e-02
169.00000 -1.17407e-02
170.00000 -6.50825e-03
171.00000 -1.82960e-04
172.00000 5.24898e-03
173.00000 1.13830e-02
174.00000 1.70747e-02
175.00000 2.14327e-02
176.00000 2.57273e-02
177.00000 2.85975e-02
178.00000 3.08566e-02
179.00000 3.17633e-02
180.00000 3.15320e-02
181.00000 3.01847e-02
182.00000 2.72567e-02
183.00000 2.36065e-02
184.00000 1.80900e-02
185.00000 1.23822e-02
186.00000 4.75287e-03
187.00000 -3.67795e-03
188.00000 -1.13047e-02
189.00000 -2.03409e-02
190.00000 -2.79000e-02
191.00000 -3.60854e-02
192.00000 -4.21912e-02
193.00000 -4.77738e-02
194.00000 -5.08328e-02
195.00000 -5.18820e-02
196.00000 -5.02134e-02
197.00000 -4.47916e-02
198.00000 -3.51625e-02
199.00000 -2.32610e-02
200.00000 -4.91562e-03
201.00000 1.46082e-02
202.00000 4.13968e-02
203.00000 1.36864e-01
204.00000 1.75480e-01
205.00000 2.05224e-01
206.00000 2.28401e-01
207.00000 2.27479e-01
208.00000 1.77993e-01
209.00000 2.86965e-02
210.00000 -2.48856e-01
211.00000 -9.03343e-01
212.00000 -1.99648e+00
213.00000 -4.53235e+00
214.00000 -8.87452e+00
215.00000 -5.00367e+00
216.00000 4.68047e+01
217.00000 2.01721e+01
218.00000 1.24595e+01
219.00000 7.80705e+00
220.00000 5.39480e+00
221.00000 3.56037e+00
222.00000 2.35495e+00
223.00000 1.63947e+00
224.00000 1.05017e+00
225.00000 6.90653e-01
226.00000 3.88944e-01
227.00000 2.03022e-01
228.00000 4.74416e-02
229.00000 -4.64368e-02
230.00000 -1.21099e-01
231.00000 -1.61626e-01
232.00000 -1.87153e-01
233.00000 -1.93568e-01
234.00000 -1.86357e-01
235.00000 -1.64951e-01
236.00000 -1.37389e-01
237.00000 -9.52284e-02
238.00000 -5.12267e-02
239.00000 8.54359e-03
240.00000 6.65713e-02
241.00000 1.41812e-01
242.00000 2.12546e-01
243.00000 3.02173e-01
244.00000 -8.22915e+00
245.00000 -7.40822e+00
246.00000 -6.54958e+00
247.00000 -5.88880e+00
248.00000 -5.19512e+00
249.00000 -4.65924e+00
250.00000 -4.09443e+00
251.00000 -3.65621e+00
252.00000 -3.19212e+00
253.00000 -2.83019e+00
254.00000 -2.44480e+00
255.00000 -2.14250e+00
256.00000 -1.81875e+00
257.00000 -1.52266e+00
258.00000 -1.28850e+00
259.00000 -1.03602e+00
260.00000 -8.35925e-01
261.00000 -6.19980e-01
262.00000 -4.50035e-01
263.00000 -2.67858e-01
264.00000 -1.25906e-01
265.00000 2.21510e-02
266.00000 1.32096e-01
267.00000 2.35384e-01
268.00000 2.98862e-01
269.00000 2.97398e-01
270.00000 1.56171e-01
271.00000 -2.54595e-01
272.00000 -1.86175e+00
273.00000 -1.05310e+01
274.00000 5.19234e+00
275.00000 2.65054e+00
276.00000 1.67557e+00
277.00000 1.29556e+00
278.00000 1.05369e+00
279.00000 9.07874e-01
280.00000 8.18706e-01
281.00000 -2.39134e-01
282.00000 -2.66597e-01
283.00000 -2.72068e-01
284.00000 -2.67061e-01
285.00000 -2.56968e-01
286.00000 -2.47094e-01
287.00000 -2.35288e-01
288.00000 -2.25184e-01
289.00000 -2.13388e-01
290.00000 -2.01427e-01
291.00000 -1.90910e-01
292.00000 -1.78208e-01
293.00000 -1.66890e-01
294.00000 -1.53158e-01
295.00000 -1.40955e-01
296.00000 -1.26280e-01
297.00000 -1.13406e-01
298.00000 -9.81668e-02
299.00000 -8.50360e-02
300.00000 -6.97970e-02
301.00000 -5.69417e-02
302.00000 -4.23577e-02
303.00000 -2.84051e-02
304.00000 -1.70925e-02
305.00000 -4.80986e-03
306.00000 4.81065e-03
307.00000 1.48371e-02
308.00000 2.23031e-02
309.00000 2.95891e-02
310.00000 3.45396e-02
311.00000 3.87337e-02
312.00000 4.09310e-02
313.00000 4.18310e-02
314.00000 5.25393e-02
315.00000 3.84963e-02
316.00000 6.91695e-02
317.00000 2.78286e-02
318.00000 7.78376e-02
319.00000 1.04471e-02
320.00000 8.32987e-02
321.00000 -2.29671e-02
322.00000 8.14510e-02
323.00000 -7.22325e-02
324.00000 5.97472e-02
325.00000 -1.16339e-01
326.00000 2.11574e-02
327.00000 -1.88243e-01
328.00000 -6.17004e-03
329.00000 -2.54900e-01
330.00000 -6.23653e-02
331.00000 -2.68286e-01
332.00000 -1.06000e-01
333.00000 -2.83722e-01
334.00000 -1.22164e-01
335.00000 -2.19514e-01
336.00000 -1.00305e-01
337.00000 -2.80095e-02
338.00000 -7.22882e-02
339.00000 -4.10114e-02
340.00000 -4.84589e-02
341.00000 7.33672e-04
342.00000 8.35021e-03
343.00000 2.24379e-03
344.00000 -1.13050e-03
345.00000 -4.35770e-04
346.00000 8.19574e-03
347.00000 1.86113e-02
348.00000 1.20845e-03
349.00000 -1.69613e-02
350.00000 2.19378e-03
351.00000 -1.20774e-02
352.00000 -1.71171e-03
353.00000 -1.13438e-02
354.00000 -2.27941e-03
355.00000 -1.36873e-02
356.00000 -4.72902e-03
357.00000 -1.57339e-02
358.00000 -2.68151e-02
359.00000 -1.73012e-02
360.00000 -2.84847e-02
361.00000 -1.82696e-02
362.00000 -2.96102e-02
363.00000 -1.85749e-02
364.00000 -2.42837e-02
365.00000 -1.18823e-02
366.00000 -2.37193e-02
367.00000 -1.11034e-02
368.00000 -2.26330e-02
369.00000 -9.38369e-03
370.00000 -2.09879e-02
371.00000 -7.32008e-03
372.00000 -1.89712e-02
373.00000 -4.99149e-03
374.00000 -1.67077e-02
375.00000 4.75733e-03
376.00000 -1.98681e-04
377.00000 2.12264e-03
378.00000 -8.08134e-03
379.00000 5.53617e-03
380.00000 -6.92787e-03
381.00000 -2.08659e-02
382.00000 -7.24672e-03
383.00000 -2.41165e-02
384.00000 -9.73068e-03
385.00000 -3.27786e-02
386.00000 -5.02897e-03
387.00000 -4.11449e-02
388.00000 -1.96217e-02
389.00000 -1.07028e-01
390.00000 -5.13526e-02
391.00000 2.29485e-02
392.00000 6.64393e-03
393.00000 2.08220e-02
394.00000 7.47344e-03
395.00000 1.32777e-02
396.00000 7.60927e-03
397.00000 8.17157e-03
398.00000 8.15570e-03
399.00000 4.14695e-03
400.00000 9.27811e-03
401.00000 7.26306e-04
402.00000 1.09590e-02
403.00000 -2.23680e-03
404.00000 -1.97236e-02
405.00000 -4.75716e-03
406.00000 -2.54891e-02
407.00000 -6.80495e-03
408.00000 -2.99794e-02
409.00000 -8.35970e-03
410.00000 -3.29093e-02
411.00000 -9.46485e-03
412.00000 -3.64836e-02
413.00000 -3.96539e-02
414.00000 -9.80699e-03
415.00000 1.24049e-02
416.00000 -9.99608e-03
417.00000 -2.17930e-03
418.00000 -1.46542e-02
419.00000 -8.69732e-03
420.00000 -1.55083e-02
421.00000 -8.41625e-05
422.00000 -1.59038e-02
423.00000 1.13718e-03
424.00000 -1.56908e-02
425.00000 8.75438e-04
426.00000 -1.45295e-02
427.00000 -2.93650e-02
428.00000 -1.07988e-02
429.00000 -2.22410e-02
430.00000 5.83777e-02
431.00000 -3.04917e-02
432.00000 -2.29924e-02
433.00000 -2.47525e-02
434.00000 -1.86990e-02
435.00000 -2.15298e-02
436.00000 -1.65347e-02
437.00000 -1.55938e-02
438.00000 -1.19686e-02
439.00000 -1.39672e-02
440.00000 -1.10289e-02
441.00000 -1.23356e-02
442.00000 -9.91958e-03
443.00000 -1.06048e-02
444.00000 -8.58002e-03
445.00000 -8.75302e-03
446.00000 -7.02269e-03
447.00000 -6.82036e-03
448.00000 -6.38891e-03
449.00000 -4.89707e-03
450.00000 -4.40490e-03
451.00000 -3.10446e-03
452.00000 -2.73743e-03
453.00000 -1.56994e-03
454.00000 -1.52006e-03
455.00000 -4.01365e-04
456.00000 -8.62987e-04
457.00000 3.34428e-04
458.00000 -8.39083e-04
459.00000 2.25112e-03
460.00000 6.11445e-04
461.00000 2.98981e-03
462.00000 3.13032e-04
463.00000 3.81258e-03
464.00000 -2.99203e-04
465.00000 4.97257e-03
466.00000 -1.18865e-03
467.00000 6.06142e-03
468.00000 -1.43942e-03
469.00000 9.85933e-03
470.00000 2.01733e-02
471.00000 2.01000e-02
472.00000 1.45271e-02
473.00000 3.07443e-02
474.00000 3.30667e-02
475.00000 3.80896e-02
476.00000 3.75308e-02
477.00000 3.02963e-02
478.00000 2.96299e-02
479.00000 3.42186e-02
480.00000 3.05071e-02
481.00000 4.17900e-02
482.00000 4.56641e-02
483.00000 5.95961e-02
484.00000 7.61948e-02
485.00000 8.03762e-02
486.00000 9.48131e-02
487.00000 9.51775e-02
488.00000 1.03249e-01
489.00000 1.04609e-01
490.00000 9.53965e-02
491.00000 8.95589e-02
492.00000 6.93324e-02
493.00000 5.52806e-02
494.00000 3.56970e-02
495.00000 1.09668e-02
496.00000 -9.35091e-03
497.00000 -2.55320e-02
498.00000 -4.93256e-02
499.00000 -6.24837e-02
500.00000 -8.32605e-02
501.00000 -9.48558e-02
502.00000 -1.05915e-01
503.00000 -1.23849e-01
504.00000 -1.32994e-01
505.00000 -1.56052e-01
506.00000 -1.86332e-01
507.00000 -2.44769e-01
508.00000 -3.19129e-01
509.00000 -3.89827e-01
510.00000 -4.38443e-01
511.00000 -4.73183e-01
512.00000 -4.86317e-01
513.00000 -4.87969e-01
514.00000 -4.68617e-01
515.00000 -4.34684e-01
516.00000 -3.99463e-01
517.00000 -3.45470e-01
518.00000 -2.95186e-01
519.00000 -2.31454e-01
520.00000 -1.66732e-01
521.00000 -1.15678e-01
522.00000 -5.79653e-02
523.00000 -1.64575e-02
524.00000 3.00096e-02
525.00000 7.00945e-02
526.00000 9.50856e-02
527.00000 1.25676e-01
528.00000 1.52427e-01
529.00000 1.65207e-01
530.00000 1.85977e-01
531.00000 1.93375e-01
532.00000 2.09059e-01
533.00000 2.21872e-01
534.00000 2.21069e-01
535.00000 2.27051e-01
536.00000 2.20687e-01
537.00000 2.18462e-01
538.00000 2.11729e-01
539.00000 1.93648e-01
540.00000 1.80747e-01
541.00000 1.60352e-01
542.00000 1.48647e-01
543.00000 1.41693e-01
544.00000 1.59519e-01
545.00000 -1.48220e-01
546.00000 -1.59571e-01
547.00000 -1.72423e-01
548.00000 -1.71549e-01
549.00000 -1.68239e-01
550.00000 -1.45345e-01
551.00000 -1.17839e-01
552.00000 -1.00459e-01
553.00000 -7.44975e-02
554.00000 -5.94858e-02
555.00000 -4.29332e-02
556.00000 -3.33819e-02
557.00000 -3.42461e-02
558.00000 -4.19322e-02
559.00000 -6.06441e-02
560.00000 -9.55372e-02
561.00000 -1.39319e-01
562.00000 -1.95389e-01
563.00000 -2.53449e-01
564.00000 -3.11254e-01
565.00000 -3.68027e-01
566.00000 -4.14987e-01
567.00000 -4.53559e-01
568.00000 -4.78761e-01
569.00000 -4.95797e-01
570.00000 -5.11054e-01
571.00000 -5.30339e-01
572.00000 -5.44371e-01
573.00000 -5.42577e-01
574.00000 -5.07529e-01
575.00000 -4.43963e-01
576.00000 -3.62854e-01
577.00000 -2.71032e-01
578.00000 -1.75903e-01
579.00000 -8.31390e-02
580.00000 -1.68731e-02
581.00000 -1.15926e-01
582.00000 -1.24769e-01
583.00000 -1.30248e-01
584.00000 -1.28225e-01
585.00000 -1.42847e-01
586.00000 -1.48869e-01
587.00000 -1.54871e-01
588.00000 -1.58736e-01
589.00000 -1.62427e-01
590.00000 -1.64814e-01
591.00000 2.53621e-02
592.00000 2.50482e-02
593.00000 2.53432e-02
594.00000 2.60252e-02
595.00000 2.74360e-02
596.00000 2.90055e-02
597.00000 3.15020e-02
598.00000 3.45642e-02
599.00000 3.73950e-02
600.00000 4.13717e-02
601.00000 4.57931e-02
602.00000 4.96296e-02
603.00000 5.48170e-02
604.00000 5.93857e-02
605.00000 6.62160e-02
606.00000 7.81921e-02
607.00000 9.33146e-02
608.00000 5.66949e-02
609.00000 6.60650e-02
610.00000 6.95365e-02
611.00000 7.18138e-02
612.00000 7.23778e-02
613.00000 7.15911e-02
614.00000 6.90786e-02
615.00000 6.57374e-02
616.00000 5.97663e-02
617.00000 5.16488e-02
618.00000 4.35390e-02
619.00000 3.11384e-02
620.00000 1.94019e-02
621.00000 2.33191e-03
622.00000 -1.74976e-02
623.00000 -3.53997e-02
624.00000 -6.03672e-02
625.00000 -8.82321e-02
626.00000 -1.12608e-01
627.00000 -1.45673e-01
628.00000 -1.74241e-01
629.00000 -2.13653e-01
630.00000 -2.48694e-01
631.00000 -2.83769e-01
632.00000 -3.27883e-01
633.00000 -3.73263e-01
634.00000 -4.10237e-01
635.00000 -4.56390e-01
636.00000 -4.88441e-01
637.00000 -5.50979e-01
638.00000 -5.94986e-01
639.00000 -6.31368e-01
640.00000 -6.75791e-01
641.00000 -7.18125e-01
642.00000 -7.49981e-01
643.00000 -7.86710e-01
644.00000 -8.13216e-01
645.00000 -8.42246e-01
646.00000 -8.66210e-01
647.00000 -8.81424e-01
648.00000 -8.95203e-01
649.00000 -9.02980e-01
650.00000 -9.04884e-01
651.00000 -9.02118e-01
652.00000 -8.96231e-01
653.00000 -8.85434e-01
654.00000 -8.73252e-01
655.00000 -8.65727e-01
656.00000 -8.65787e-01
657.00000 -8.63585e-01
658.00000 -7.10224e-01
659.00000 -4.70912e-01
660.00000 -4.25096e-01
661.00000 -3.88108e-01
662.00000 -3.45218e-01
663.00000 -3.06922e-01
664.00000 -2.56371e-01
665.00000 -2.04838e-01
666.00000 -1.63963e-01
667.00000 -1.14263e-01
668.00000 -6.68672e-02
669.00000 -3.09982e-02
670.00000 1.09584e-02
671.00000 4.20698e-02
672.00000 7.77754e-02
673.00000 1.09879e-01
674.00000 1.32942e-01
675.00000 1.58470e-01
676.00000 1.80279e-01
677.00000 1.94988e-01
678.00000 2.09840e-01
679.00000 2.18783e-01
680.00000 2.26109e-01
681.00000 2.28927e-01
682.00000 2.27766e-01
683.00000 2.21855e-01
684.00000 2.10973e-01
685.00000 1.96309e-01
686.00000 1.76301e-01
687.00000 1.55557e-01
688.00000 1.24547e-01
689.00000 8.80724e-02
690.00000 5.51270e-02
691.00000 9.53701e-03
692.00000 -3.52972e-02
693.00000 -8.33308e-02
694.00000 -1.39797e-01
695.00000 -1.92765e-01
696.00000 -2.47084e-01
697.00000 -3.02035e-01
698.00000 -3.62901e-01
699.00000 -4.16629e-01
700.00000 -4.68506e-01
701.00000 -5.17704e-01
702.00000 -5.68226e-01
703.00000 -6.09098e-01
704.00000 -6.44830e-01
705.00000 -6.74718e-01
706.00000 -7.00302e-01
707.00000 -7.15855e-01
708.00000 -7.23861e-01
709.00000 -7.24016e-01
710.00000 -7.15116e-01
711.00000 -6.52635e-01
712.00000 -6.62495e-01
713.00000 -6.29237e-01
714.00000 -5.79810e-01
715.00000 -5.25708e-01
716.00000 -4.62887e-01
717.00000 -3.91630e-01
718.00000 -3.02924e-01
719.00000 -2.14877e-01
720.00000 -1.19435e-01
721.00000 -1.70066e-02
722.00000 1.04461e-01
723.00000 2.20156e-01
724.00000 3.41370e-01
725.00000 4.67576e-01
726.00000 6.12981e-01
727.00000 7.47868e-01
728.00000 8.85931e-01
729.00000 1.02653e+00
730.00000 1.18491e+00
731.00000 1.32862e+00
732.00000 1.47267e+00
733.00000 1.61627e+00
734.00000 1.77432e+00
735.00000 1.91424e+00
736.00000 2.05101e+00
737.00000 2.18369e+00
738.00000 2.32507e+00
739.00000 2.44574e+00
740.00000 2.55903e+00
741.00000 2.66382e+00
742.00000 2.76886e+00
743.00000 2.85186e+00
744.00000 2.92268e+00
745.00000 2.98014e+00
746.00000 3.02690e+00
747.00000 3.05239e+00
748.00000 3.06106e+00
749.00000 3.04980e+00
750.00000 3.01992e+00
751.00000 2.97060e+00
752.00000 2.90125e+00
753.00000 2.80018e+00
754.00000 2.68734e+00
755.00000 2.55370e+00
756.00000 2.39942e+00
757.00000 2.20479e+00
758.00000 2.00670e+00
759.00000 1.79173e+00
760.00000 1.57996e+00
761.00000 1.29146e+00
762.00000 1.01897e+00
763.00000 7.36829e-01
764.00000 4.47612e-01
765.00000 1.21181e-01
766.00000 -1.74324e-01
767.00000 -4.68847e-01
768.00000 -7.60027e-01
769.00000 -1.07698e+00
770.00000 -1.35413e+00
771.00000 -1.62175e+00
772.00000 -1.87825e+00
773.00000 -2.14853e+00
774.00000 -2.37724e+00
775.00000 -2.59111e+00
776.00000 -2.78931e+00
777.00000 -2.99029e+00
778.00000 -3.15322e+00
779.00000 -3.29863e+00
780.00000 -3.42612e+00
781.00000 -3.54633e+00
782.00000 -3.63489e+00
783.00000 -3.70454e+00
784.00000 -3.75501e+00
785.00000 -3.78822e+00
786.00000 -3.79721e+00
787.00000 -3.78605e+00
788.00000 -3.75439e+00
789.00000 -3.69472e+00
790.00000 -3.61856e+00
791.00000 -3.52070e+00
792.00000 -3.40075e+00
793.00000 -3.24113e+00
794.00000 -3.07341e+00
795.00000 -2.88260e+00
796.00000 -2.66856e+00
797.00000 -2.40339e+00
798.00000 -2.14023e+00
799.00000 -1.85412e+00
800.00000 -1.54551e+00
801.00000 -1.17706e+00
802.00000 -8.23674e-01
803.00000 -4.53469e-01
804.00000 -3.02996e-02
805.00000 3.77984e-01
806.00000 8.26891e-01
807.00000 1.26582e+00
808.00000 1.74087e+00
809.00000 2.19946e+00
810.00000 2.68945e+00
811.00000 3.15432e+00
812.00000 3.65499e+00
813.00000 4.11977e+00
814.00000 4.60161e+00
815.00000 5.05142e+00
816.00000 5.51202e+00
817.00000 5.93165e+00
818.00000 6.35286e+00
819.00000 6.72723e+00
820.00000 7.09170e+00
821.00000 7.40327e+00
822.00000 7.69120e+00
823.00000 7.91983e+00
824.00000 8.10840e+00
825.00000 8.23093e+00
826.00000 8.29407e+00
827.00000 8.28435e+00
828.00000 8.19310e+00
829.00000 8.02274e+00
830.00000 7.74669e+00
831.00000 7.36424e+00
832.00000 6.89740e+00
833.00000 6.28852e+00
834.00000 5.59765e+00
835.00000 4.74555e+00
836.00000 3.82181e+00
837.00000 2.72650e+00
838.00000 1.58050e+00
839.00000 2.66106e-01
840.00000 -1.06589e+00
841.00000 -2.54608e+00
842.00000 -3.99915e+00
843.00000 -5.56217e+00
844.00000 -7.04540e+00
845.00000 -8.58451e+00
846.00000 -9.98931e+00
847.00000 -1.13854e+01
848.00000 -1.25980e+01
849.00000 -1.37335e+01
850.00000 -1.46479e+01
851.00000 -1.54190e+01
852.00000 -1.59464e+01
853.00000 -1.62706e+01
854.00000 -1.63435e+01
855.00000 -1.61607e+01
856.00000 -1.57319e+01
857.00000 -1.50010e+01
858.00000 -1.40389e+01
859.00000 -1.27711e+01
860.00000 -1.12162e+01
861.00000 -9.37015e+00
862.00000 -7.22973e+00
863.00000 -4.79209e+00
864.00000 -2.05500e+00
865.00000 9.83004e-01
866.00000 4.32228e+00
867.00000 7.96169e+00
868.00000 1.18981e+01
869.00000 1.61257e+01
870.00000 2.06353e+01
871.00000 2.54136e+01
872.00000 3.05813e+01
873.00000 3.58414e+01
874.00000 4.12953e+01
875.00000 4.69042e+01
876.00000 5.26206e+01
877.00000 5.83889e+01
878.00000 6.41445e+01
879.00000 6.98144e+01
880.00000 7.53183e+01
881.00000 8.05694e+01
882.00000 8.54771e+01
883.00000 8.99488e+01
884.00000 9.38931e+01
885.00000 9.72234e+01
886.00000 9.98299e+01
887.00000 1.01717e+02
888.00000 1.02791e+02
889.00000 1.03013e+02
890.00000 1.02366e+02
891.00000 1.00850e+02
892.00000 9.84843e+01
893.00000 9.52596e+01
894.00000 9.13185e+01
895.00000 8.66946e+01
896.00000 8.14723e+01
897.00000 7.57462e+01
898.00000 6.96191e+01
899.00000 6.31992e+01
900.00000 5.66429e+01
901.00000 4.99728e+01
902.00000 4.33436e+01
903.00000 3.68214e+01
904.00000 3.06009e+01
905.00000 2.47375e+01
906.00000 1.93245e+01
907.00000 1.44631e+01
908.00000 1.01837e+01
909.00000 6.59987e+00
910.00000 3.75664e+00
911.00000 1.68596e+00
912.00000 4.31511e-01
913.00000 2.95502e-03
914.00000 7.22634e-01
915.00000 2.57835e+00
916.00000 5.16709e+00
917.00000 8.14961e+00
918.00000 1.12474e+01
919.00000 1.42745e+01
920.00000 1.70833e+01
921.00000 1.95799e+01
922.00000 2.16974e+01
923.00000 2.34200e+01
924.00000 2.47230e+01
925.00000 2.56056e+01
926.00000 2.60779e+01
927.00000 2.61605e+01
928.00000 2.58831e+01
929.00000 2.52843e+01
930.00000 2.44110e+01
931.00000 2.33267e+01
932.00000 2.20613e+01
933.00000 2.07186e+01
934.00000 1.93185e+01
935.00000 1.79687e+01
936.00000 1.66832e+01
937.00000 1.55548e+01
938.00000 1.46027e+01
939.00000 1.38463e+01
940.00000 1.33284e+01
941.00000 1.30364e+01
942.00000 1.29706e+01
943.00000 1.31061e+01
944.00000 1.34038e+01
945.00000 1.38266e+01
946.00000 1.43055e+01
947.00000 1.47923e+01
948.00000 1.52025e+01
949.00000 1.54732e+01
950.00000 1.55319e+01
951.00000 1.52935e+01
952.00000 1.47028e+01
953.00000 1.36945e+01
954.00000 1.22147e+01
955.00000 1.01475e+01
956.00000 7.57793e+00
957.00000 4.39214e+00
958.00000 7.11176e-01
959.00000 -3.62795e+00
960.00000 -8.32236e+00
961.00000 -1.33091e+01
962.00000 -1.85396e+01
963.00000 -2.38414e+01
964.00000 -2.91861e+01
965.00000 -3.40022e+01
966.00000 -3.82258e+01
967.00000 -4.16125e+01
968.00000 -4.39933e+01
969.00000 -4.50412e+01
970.00000 -4.47985e+01
971.00000 -4.34057e+01
972.00000 -4.12937e+01
973.00000 -3.92198e+01
974.00000 -3.85636e+01
975.00000 -4.07098e+01
976.00000 -4.69682e+01
977.00000 -5.83933e+01
978.00000 -7.36919e+01
979.00000 -9.14852e+01
980.00000 -1.09515e+02
981.00000 -1.26101e+02
982.00000 -1.38543e+02
983.00000 -1.46552e+02
984.00000 -1.49859e+02
985.00000 -1.48612e+02
986.00000 -1.43224e+02
987.00000 -1.34272e+02
988.00000 -1.21570e+02
989.00000 -1.07525e+02
990.00000 -9.22615e+01
991.00000 -7.66346e+01
992.00000 -6.14643e+01
993.00000 -4.74664e+01
994.00000 -3.51857e+01
995.00000 -2.49476e+01
996.00000 -1.68468e+01
997.00000 -1.04352e+01
998.00000 -6.23740e+00
999.00000 -3.44635e+00
1000.00000 -1.71051e+00
1001.00000 -7.15055e-01
1002.00000 -2.09507e-01
1003.00000 -1.59264e-02
1004.00000 -3.46323e-02
1005.00000 -2.62627e-01
1006.00000 -7.25191e-01
1007.00000 -1.54474e+00
1008.00000 -2.86472e+00
1009.00000 -4.86578e+00
1010.00000 -7.73457e+00
1011.00000 -1.16317e+01
1012.00000 -1.66597e+01
1013.00000 -2.28322e+01
1014.00000 -3.05643e+01
1015.00000 -3.86550e+01
1016.00000 -4.72260e+01
1017.00000 -5.58831e+01
1018.00000 -6.42162e+01
1019.00000 -7.18475e+01
1020.00000 -7.84688e+01
1021.00000 -8.38614e+01
1022.00000 -8.78975e+01
1023.00000 -9.06558e+01
1024.00000 -9.18107e+01
1025.00000 -9.16451e+01
1026.00000 -9.02494e+01
1027.00000 -8.77283e+01
1028.00000 -8.41922e+01
1029.00000 -7.97456e+01
1030.00000 -7.44951e+01
1031.00000 -6.85430e+01
1032.00000 -6.15376e+01
1033.00000 -5.44735e+01
1034.00000 -4.70625e+01
1035.00000 -3.94640e+01
1036.00000 -3.18718e+01
1037.00000 -2.45111e+01
1038.00000 -1.76207e+01
1039.00000 -1.14226e+01
1040.00000 -5.76888e+00
1041.00000 -1.47469e+00
1042.00000 1.81206e+00
1043.00000 4.10489e+00
1044.00000 5.43160e+00
1045.00000 5.81761e+00
1046.00000 5.29186e+00
1047.00000 3.92493e+00
1048.00000 1.64469e+00
1049.00000 -1.94782e+00
1050.00000 -6.08098e+00
1051.00000 -1.19270e+01
1052.00000 -1.80321e+01
1053.00000 -2.61023e+01
1054.00000 -3.46532e+01
1055.00000 -4.12414e+01
1056.00000 -4.54050e+01
1057.00000 -4.40057e+01
1058.00000 -3.58746e+01
1059.00000 -2.49593e+01
1060.00000 -1.20280e+01
1061.00000 -2.71869e+00
1062.00000 4.68802e+00
1063.00000 8.99085e+00
1064.00000 1.08210e+01
1065.00000 1.13443e+01
1066.00000 1.08201e+01
1067.00000 1.20894e+01
1068.00000 1.05886e+01
1069.00000 9.47816e+00
1070.00000 8.56805e+00
1071.00000 7.57403e+00
1072.00000 6.67103e+00
1073.00000 5.98220e+00
1074.00000 5.32501e+00
1075.00000 4.86485e+00
1076.00000 4.46187e+00
1077.00000 4.20374e+00
1078.00000 3.99597e+00
1079.00000 3.87025e+00
1080.00000 3.76447e+00
1081.00000 3.67070e+00
1082.00000 3.57611e+00
1083.00000 3.43094e+00
1084.00000 3.25629e+00
1085.00000 2.99095e+00
1086.00000 2.69960e+00
1087.00000 2.30992e+00
1088.00000 1.89020e+00
1089.00000 1.53394e+00
1090.00000 1.09577e+00
1091.00000 5.67208e-01
1092.00000 1.03036e-01
1093.00000 -4.35980e-02
1094.00000 6.45735e-02
1095.00000 3.58462e-01
1096.00000 8.01715e-01
1097.00000 1.58228e+00
1098.00000 2.27667e+00
1099.00000 2.90539e+00
1100.00000 3.33492e+00
1101.00000 3.66191e+00
1102.00000 3.77930e+00
1103.00000 3.71500e+00
1104.00000 3.51962e+00
1105.00000 3.19672e+00
1106.00000 2.81006e+00
1107.00000 2.43865e+00
1108.00000 1.99201e+00
1109.00000 1.59392e+00
1110.00000 1.14465e+00
1111.00000 7.67638e-01
1112.00000 3.67770e-01
1113.00000 -3.68779e+00
1114.00000 -3.39747e+00
1115.00000 -2.99732e+00
1116.00000 -2.49893e+00
1117.00000 -1.54376e+00
1118.00000 -7.51655e-01
1119.00000 -1.15841e+00
1120.00000 -8.25300e-01
1121.00000 -1.64264e-01
1122.00000 5.08158e-01
1123.00000 1.34472e+00
1124.00000 2.23960e+00
1125.00000 3.06353e+00
1126.00000 4.04557e+00
1127.00000 4.93540e+00
1128.00000 5.98197e+00
1129.00000 6.91973e+00
1130.00000 8.01285e+00
1131.00000 8.98593e+00
1132.00000 1.01156e+01
1133.00000 1.12613e+01
1134.00000 1.22687e+01
1135.00000 1.34046e+01
1136.00000 1.43692e+01
1137.00000 1.54394e+01
1138.00000 1.63171e+01
1139.00000 1.73198e+01
1140.00000 1.81963e+01
1141.00000 1.91666e+01
1142.00000 2.01658e+01
1143.00000 2.10476e+01
1144.00000 2.20835e+01
1145.00000 2.30311e+01
1146.00000 2.41753e+01
1147.00000 2.52344e+01
1148.00000 2.65068e+01
1149.00000 2.76660e+01
1150.00000 2.90328e+01
1151.00000 3.04356e+01
1152.00000 3.16884e+01
1153.00000 3.31474e+01
1154.00000 3.44477e+01
1155.00000 3.59617e+01
1156.00000 3.73117e+01
1157.00000 3.88844e+01
1158.00000 4.04900e+01
1159.00000 4.19227e+01
1160.00000 4.35942e+01
1161.00000 4.50905e+01
1162.00000 4.68478e+01
1163.00000 4.84363e+01
1164.00000 5.03075e+01
1165.00000 5.19511e+01
1166.00000 5.37419e+01
1167.00000 5.53973e+01
1168.00000 5.67669e+01
1169.00000 5.82805e+01
1170.00000 5.95684e+01
1171.00000 6.09914e+01
1172.00000 6.21821e+01
1173.00000 6.34634e+01
1174.00000 6.44986e+01
1175.00000 6.55631e+01
1176.00000 6.64958e+01
1177.00000 6.72274e+01
1178.00000 6.79896e+01
1179.00000 6.85769e+01
1180.00000 6.91329e+01
1181.00000 6.95091e+01
1182.00000 6.98102e+01
1183.00000 6.99609e+01
1184.00000 7.00056e+01
1185.00000 7.03180e+01
1186.00000 7.12338e+01
1187.00000 7.27133e+01
1188.00000 7.46576e+01
1189.00000 7.69187e+01
1190.00000 7.93657e+01
1191.00000 8.18067e+01
1192.00000 8.39900e+01
1193.00000 8.56742e+01
1194.00000 8.72134e+01
1195.00000 -2.04790e+01
1196.00000 -1.56730e+01
1197.00000 -1.20674e+01
1198.00000 -8.89246e+00
1199.00000 -6.88677e+00
1200.00000 -5.36390e+00
1201.00000 -3.88916e+00
1202.00000 -3.03353e+00
1203.00000 -2.37905e+00
1204.00000 -1.65613e+00
1205.00000 -1.29322e+00
1206.00000 -1.01688e+00
1207.00000 -6.46199e-01
1208.00000 -5.02401e-01
1209.00000 -3.96257e-01
1210.00000 -1.99596e-01
1211.00000 -1.55157e-01
1212.00000 -1.26751e-01
1213.00000 -1.98264e-02
1214.00000 -2.02966e-02
1215.00000 -2.69801e-02
1216.00000 3.18900e-02
1217.00000 1.20110e-02
1218.00000 -9.61177e-03
1219.00000 2.26941e-02
1220.00000 -4.51336e-03
1221.00000 -3.14843e-02
1222.00000 -1.42775e-02
1223.00000 -4.31358e-02
1224.00000 -7.09504e-02
1225.00000 -6.25412e-02
1226.00000 -9.04812e-02
1227.00000 -1.17120e-01
1228.00000 -1.13946e-01
1229.00000 -1.39912e-01
1230.00000 -1.64567e-01
1231.00000 -1.64554e-01
1232.00000 -1.88213e-01
1233.00000 -2.10655e-01
1234.00000 -2.12554e-01
1235.00000 -2.33905e-01
1236.00000 -2.54166e-01
1237.00000 -2.57197e-01
1238.00000 -2.76379e-01
1239.00000 -2.94601e-01
1240.00000 -2.98264e-01
1241.00000 -3.15467e-01
1242.00000 -3.31833e-01
1243.00000 -3.35808e-01
1244.00000 -3.51254e-01
1245.00000 -3.66023e-01
1246.00000 -3.70992e-01
1247.00000 -3.83542e-01
1248.00000 -3.96872e-01
1249.00000 -4.01026e-01
1250.00000 -4.13536e-01
1251.00000 -4.25525e-01
1252.00000 -4.29671e-01
1253.00000 -4.41100e-01
1254.00000 -4.52134e-01
1255.00000 -4.56433e-01
1256.00000 -4.67120e-01
1257.00000 -4.77553e-01
1258.00000 -4.82242e-01
1259.00000 -4.92578e-01
1260.00000 -5.02806e-01
1261.00000 -5.08157e-01
1262.00000 -5.18517e-01
1263.00000 -5.28878e-01
1264.00000 -5.35061e-01
1265.00000 -5.45660e-01
1266.00000 -5.56294e-01
1267.00000 -5.63266e-01
1268.00000 -5.74235e-01
1269.00000 -5.83958e-01
1270.00000 -5.91938e-01
1271.00000 -6.02860e-01
1272.00000 -6.05674e-01
1273.00000 -6.20594e-01
1274.00000 -6.31247e-01
1275.00000 -6.41674e-01
1276.00000 -6.49313e-01
1277.00000 -6.59533e-01
1278.00000 -6.69624e-01
1279.00000 -6.77248e-01
1280.00000 -6.87220e-01
1281.00000 -6.97119e-01
1282.00000 -7.04862e-01
1283.00000 -7.14755e-01
1284.00000 -7.24636e-01
1285.00000 -7.32627e-01
1286.00000 -7.42589e-01
1287.00000 -7.52577e-01
1288.00000 -7.60871e-01
1289.00000 -7.70975e-01
1290.00000 -7.81117e-01
1291.00000 -7.89682e-01
1292.00000 -7.99927e-01
1293.00000 -8.10202e-01
1294.00000 -8.18932e-01
1295.00000 -8.29254e-01
1296.00000 -8.39580e-01
1297.00000 -8.48311e-01
1298.00000 -8.58586e-01
1299.00000 -8.68814e-01
1300.00000 3.04735e-01
1301.00000 2.86215e-01
1302.00000 2.68168e-01
1303.00000 2.43859e-01
1304.00000 2.24137e-01
1305.00000 2.09527e-01
1306.00000 1.87384e-01
1307.00000 1.72330e-01
1308.00000 1.59849e-01
1309.00000 1.36290e-01
1310.00000 1.22700e-01
1311.00000 1.09972e-01
1312.00000 9.23493e-02
1313.00000 7.99762e-02
1314.00000 6.91045e-02
1315.00000 5.39233e-02
1316.00000 4.41039e-02
1317.00000 3.39913e-02
1318.00000 2.05891e-02
1319.00000 1.11061e-02
1320.00000 7.26629e-03
1321.00000 -8.40034e-03
1322.00000 -1.68732e-02
1323.00000 -2.75713e-02
1324.00000 -3.38904e-02
1325.00000 -4.17207e-02
1326.00000 -5.10391e-02
1327.00000 -5.70426e-02
1328.00000 -6.50552e-02
1329.00000 -7.61797e-02
1330.00000 -7.97631e-02
1331.00000 -9.11048e-02
1332.00000 -3.48497e-02
1333.00000 -8.96787e-02
1334.00000 -8.00735e-02
1335.00000 -9.54968e-02
1336.00000 -1.03497e-01
1337.00000 -1.11922e-01
1338.00000 -1.18613e-01
1339.00000 -1.27100e-01
1340.00000 -1.33183e-01
1341.00000 -1.39078e-01
1342.00000 -1.47653e-01
1343.00000 -1.53515e-01
1344.00000 -1.59427e-01
1345.00000 -1.68473e-01
1346.00000 -1.74815e-01
1347.00000 -1.81667e-01
1348.00000 -1.93471e-01
1349.00000 -2.05574e-01
1350.00000 -2.40491e-01
1351.00000 -1.36702e-01
1352.00000 -1.84043e-01
1353.00000 -1.94619e-01
1354.00000 -1.59174e-01
1355.00000 -9.04162e-01
1356.00000 -9.15003e-01
1357.00000 -9.28149e-01
1358.00000 -9.31468e-01
1359.00000 -9.34960e-01
1360.00000 -9.31539e-01
1361.00000 -9.36190e-01
1362.00000 -9.41537e-01
1363.00000 -9.39067e-01
1364.00000 -9.46543e-01
1365.00000 -9.54330e-01
1366.00000 -9.55645e-01
1367.00000 -9.64037e-01
1368.00000 -9.63560e-01
1369.00000 -9.64391e-01
1370.00000 -9.96540e-01
1371.00000 -1.04416e+00
1372.00000 -1.05523e+00
1373.00000 -1.07720e+00
1374.00000 -1.10109e+00
1375.00000 -1.11778e+00
1376.00000 -1.14515e+00
1377.00000 -1.38663e+00
1378.00000 -1.66992e+00
1379.00000 -1.94026e+00
1380.00000 -2.21603e+00
1381.00000 -2.49973e+00
1382.00000 -2.76989e+00
1383.00000 -3.04451e+00
1384.00000 -3.31682e+00
1385.00000 -3.60271e+00
1386.00000 -3.86243e+00
1387.00000 -4.10009e+00
1388.00000 -4.33453e+00
1389.00000 -4.54382e+00
1390.00000 -4.74202e+00
1391.00000 -4.94892e+00
1392.00000 -5.12783e+00
1393.00000 -5.30037e+00
1394.00000 -5.46119e+00
1395.00000 -5.59164e+00
1396.00000 -5.70693e+00
1397.00000 -5.79010e+00
1398.00000 -5.87212e+00
1399.00000 -5.90715e+00
1400.00000 -5.92507e+00
1401.00000 -5.94037e+00
1402.00000 -5.93306e+00
1403.00000 -5.91932e+00
1404.00000 -5.90905e+00
1405.00000 -5.88112e+00
1406.00000 -5.85193e+00
1407.00000 -5.81098e+00
1408.00000 -5.78733e+00
1409.00000 -5.75239e+00
1410.00000 -5.70323e+00
1411.00000 -5.69231e+00
1412.00000 -5.62322e+00
1413.00000 -5.38399e+00
1414.00000 -5.54896e+00
1415.00000 -5.40557e+00
1416.00000 -5.27764e+00
1417.00000 -5.20834e+00
1418.00000 -5.07902e+00
1419.00000 -4.96865e+00
1420.00000 -4.84303e+00
1421.00000 -4.73575e+00
1422.00000 -4.62267e+00
1423.00000 -4.49640e+00
1424.00000 -4.38762e+00
1425.00000 -4.25958e+00
1426.00000 -4.13144e+00
1427.00000 -4.01332e+00
1428.00000 -3.88208e+00
1429.00000 -3.75675e+00
1430.00000 -3.62112e+00
1431.00000 -3.48346e+00
1432.00000 -3.35352e+00
1433.00000 -3.20909e+00
1434.00000 -3.06133e+00
1435.00000 -2.91994e+00
1436.00000 -2.77620e+00
1437.00000 -2.62983e+00
1438.00000 -2.48304e+00
1439.00000 -2.34485e+00
1440.00000 -2.20053e+00
1441.00000 -2.07340e+00
1442.00000 -1.95432e+00
1443.00000 -1.83095e+00
1444.00000 -1.72735e+00
1445.00000 -1.63886e+00
1446.00000 -1.55636e+00
1447.00000 -1.47460e+00
1448.00000 -1.41632e+00
1449.00000 -1.36784e+00
1450.00000 -1.32192e+00
1451.00000 -1.29586e+00
1452.00000 -1.27994e+00
1453.00000 -1.25860e+00
1454.00000 -1.24893e+00
1455.00000 -1.22484e+00
1456.00000 -1.19044e+00
1457.00000 -1.15574e+00
1458.00000 -1.11082e+00
1459.00000 -1.06898e+00
1460.00000 -1.01436e+00
1461.00000 -9.71295e-01
1462.00000 -9.26463e-01
1463.00000 -8.75477e-01
1464.00000 -8.33170e-01
1465.00000 -7.94675e-01
1466.00000 -7.45721e-01
1467.00000 -7.09059e-01
1468.00000 -6.69743e-01
1469.00000 -6.30746e-01
1470.00000 -5.86935e-01
1471.00000 -5.46200e-01
1472.00000 -5.11192e-01
1473.00000 -4.66879e-01
1474.00000 -4.35080e-01
1475.00000 -4.03105e-01
1476.00000 -3.65698e-01
1477.00000 -3.38970e-01
1478.00000 -3.09538e-01
1479.00000 -2.80043e-01
1480.00000 -2.57843e-01
1481.00000 -2.35540e-01
1482.00000 -2.18428e-01
1483.00000 -1.95841e-01
1484.00000 -1.76879e-01
1485.00000 -1.64721e-01
1486.00000 -1.20389e-01
1487.00000 3.29123e-02
1488.00000 -1.62819e-01
1489.00000 -1.92386e-01
1490.00000 -2.18490e-01
1491.00000 -2.44309e-01
1492.00000 -2.70151e-01
1493.00000 -2.99268e-01
1494.00000 -3.26116e-01
1495.00000 -3.53767e-01
1496.00000 -3.82352e-01
1497.00000 -4.15308e-01
1498.00000 -4.46092e-01
1499.00000 -4.77949e-01
1500.00000 -5.10861e-01
1501.00000 -5.48615e-01
1502.00000 -5.83594e-01
1503.00000 -6.19442e-01
1504.00000 -6.60187e-01
1505.00000 -6.97579e-01
1506.00000 -7.35560e-01
1507.00000 -7.74039e-01
1508.00000 -8.17275e-01
1509.00000 -8.56535e-01
1510.00000 -8.96054e-01
1511.00000 -9.35772e-01
1512.00000 -9.80075e-01
1513.00000 -1.02006e+00
1514.00000 -1.06011e+00
1515.00000 -1.10022e+00
1516.00000 -1.14482e+00
1517.00000 -1.18499e+00
1518.00000 -1.22518e+00
1519.00000 -1.26989e+00
1520.00000 -1.31018e+00
1521.00000 -1.35054e+00
1522.00000 -1.39098e+00
1523.00000 -1.43606e+00
1524.00000 -1.47676e+00
1525.00000 -1.51762e+00
1526.00000 -1.55862e+00
1527.00000 -1.60438e+00
1528.00000 -1.64572e+00
1529.00000 -1.68720e+00
1530.00000 -1.72880e+00
1531.00000 -1.77513e+00
1532.00000 -1.81687e+00
1533.00000 -1.85862e+00
1534.00000 -1.90496e+00
1535.00000 -1.94656e+00
1536.00000 -1.98803e+00
1537.00000 -2.02934e+00
1538.00000 -2.07499e+00
1539.00000 -2.11582e+00
1540.00000 -2.15639e+00
1541.00000 -2.19662e+00
1542.00000 -2.24077e+00
1543.00000 -2.27973e+00
1544.00000 -2.31755e+00
1545.00000 -2.35358e+00
1546.00000 -2.39051e+00
1547.00000 -2.41984e+00
1548.00000 -2.44441e+00
1549.00000 -2.46500e+00
1550.00000 -2.47674e+00
1551.00000 -2.48168e+00
1552.00000 -2.47993e+00
1553.00000 -2.47091e+00
1554.00000 -2.45787e+00
1555.00000 -2.44223e+00
1556.00000 -2.42613e+00
1557.00000 -2.40961e+00
1558.00000 -2.39628e+00
1559.00000 -2.37953e+00
1560.00000 -2.30011e+00
1561.00000 -2.34016e+00
1562.00000 -2.28798e+00
1563.00000 -2.24699e+00
1564.00000 -2.20928e+00
1565.00000 -2.17461e+00
1566.00000 -2.13835e+00
1567.00000 -2.10043e+00
1568.00000 -2.05650e+00
1569.00000 -2.01549e+00
1570.00000 -1.97324e+00
1571.00000 -1.92990e+00
1572.00000 -1.88065e+00
1573.00000 -1.83551e+00
1574.00000 4.75308e-02
1575.00000 5.28186e-02
1576.00000 5.88475e-02
1577.00000 6.44178e-02
1578.00000 7.01271e-02
1579.00000 7.66323e-02
1580.00000 8.26286e-02
1581.00000 8.87535e-02
1582.00000 9.50006e-02
1583.00000 1.02077e-01
1584.00000 1.08560e-01
1585.00000 1.15147e-01
1586.00000 1.21834e-01
1587.00000 1.29382e-01
1588.00000 1.36287e-01
1589.00000 1.43308e-01
1590.00000 1.50460e-01
1591.00000 1.58589e-01
1592.00000 1.66102e-01
1593.00000 1.73841e-01
1594.00000 1.82758e-01
1595.00000 1.91127e-01
1596.00000 1.99876e-01
1597.00000 2.09063e-01
1598.00000 2.19296e-01
1599.00000 -7.31368e-01
1600.00000 -6.99526e-01
1601.00000 -6.66345e-01
1602.00000 -6.35271e-01
1603.00000 -6.02809e-01
1604.00000 -5.72348e-01
1605.00000 -5.40478e-01
1606.00000 -5.08877e-01
1607.00000 -4.79170e-01
1608.00000 -4.48039e-01
1609.00000 -4.18740e-01
1610.00000 -3.87996e-01
1611.00000 -3.59017e-01
1612.00000 -3.28556e-01
1613.00000 -2.99793e-01
1614.00000 -2.69503e-01
1615.00000 -2.40854e-01
1616.00000 -2.10649e-01
1617.00000 -1.82062e-01
1618.00000 -1.51927e-01
1619.00000 -1.23433e-01
1620.00000 -9.34465e-02
1621.00000 -6.35911e-02
1622.00000 -3.54601e-02
1623.00000 -5.94763e-03
1624.00000 2.18474e-02
1625.00000 5.10617e-02
1626.00000 7.87093e-02
1627.00000 1.08002e-01
1628.00000 1.36011e-01
1629.00000 1.66014e-01
1630.00000 1.94980e-01
1631.00000 2.26219e-01
1632.00000 2.56489e-01
1633.00000 2.89174e-01
1634.00000 3.20847e-01
1635.00000 3.55027e-01
1636.00000 3.90026e-01
1637.00000 4.23962e-01
1638.00000 4.60654e-01
1639.00000 4.96286e-01
1640.00000 5.34869e-01
1641.00000 5.72391e-01
1642.00000 6.13075e-01
1643.00000 6.52688e-01
1644.00000 6.95689e-01
1645.00000 7.37607e-01
1646.00000 7.83167e-01
1647.00000 8.27639e-01
1648.00000 8.76046e-01
1649.00000 9.23375e-01
1650.00000 9.74984e-01
1651.00000 1.02840e+00
1652.00000 1.08077e+00
1653.00000 1.13653e+00
1654.00000 1.19435e+00
1655.00000 1.25439e+00
1656.00000 1.31678e+00
1657.00000 1.38347e+00
1658.00000 1.45111e+00
1659.00000 1.52159e+00
1660.00000 1.59508e+00
1661.00000 1.67175e+00
1662.00000 1.75178e+00
1663.00000 1.83535e+00
1664.00000 1.92262e+00
1665.00000 2.01376e+00
1666.00000 2.10895e+00
1667.00000 2.20830e+00
1668.00000 2.31196e+00
1669.00000 2.42001e+00
1670.00000 2.53250e+00
1671.00000 2.64943e+00
1672.00000 2.77406e+00
1673.00000 2.89968e+00
1674.00000 3.02920e+00
1675.00000 3.16219e+00
1676.00000 3.29799e+00
1677.00000 3.43569e+00
1678.00000 3.57404e+00
1679.00000 3.71133e+00
1680.00000 3.84528e+00
1681.00000 3.97284e+00
1682.00000 4.08999e+00
1683.00000 4.19261e+00
1684.00000 4.27084e+00
1685.00000 4.31681e+00
1686.00000 4.31814e+00
1687.00000 4.25843e+00
1688.00000 4.11585e+00
1689.00000 3.86126e+00
1690.00000 3.44887e+00
1691.00000 2.83641e+00
1692.00000 1.94809e+00
1693.00000 6.86806e-01
1694.00000 -1.08014e+00
1695.00000 -3.53479e+00
1696.00000 -6.95441e+00
1697.00000 -1.16398e+01
1698.00000 -1.80827e+01
1699.00000 8.40046e+01
1700.00000 8.26440e+01
1701.00000 8.08092e+01
1702.00000 7.86861e+01
1703.00000 7.64895e+01
1704.00000 7.43961e+01
1705.00000 7.25850e+01
1706.00000 7.11891e+01
1707.00000 7.03088e+01
1708.00000 7.00056e+01
1709.00000 7.02991e+01
1710.00000 7.11390e+01
1711.00000 7.24327e+01
1712.00000 7.40646e+01
1713.00000 7.59249e+01
1714.00000 7.77796e+01
1715.00000 7.94681e+01
1716.00000 8.08734e+01
1717.00000 8.14406e+01
1718.00000 8.18451e+01
1719.00000 3.30211e+00
1720.00000 7.24630e+00
1721.00000 9.89697e+00
1722.00000 1.17955e+01
1723.00000 1.28384e+01
1724.00000 1.34178e+01
1725.00000 1.37873e+01
1726.00000 1.38007e+01
1727.00000 1.36604e+01
1728.00000 1.34925e+01
1729.00000 1.31719e+01
1730.00000 1.28106e+01
1731.00000 1.24753e+01
1732.00000 1.20726e+01
1733.00000 1.16681e+01
1734.00000 1.12962e+01
1735.00000 1.08960e+01
1736.00000 1.05038e+01
1737.00000 1.01380e+01
1738.00000 9.76047e+00
1739.00000 9.39170e+00
1740.00000 9.04175e+00
1741.00000 8.68754e+00
1742.00000 8.34087e+00
1743.00000 8.00791e+00
1744.00000 7.67464e+00
1745.00000 7.34836e+00
1746.00000 7.03375e+00
1747.00000 6.72153e+00
1748.00000 6.41694e+00
1749.00000 6.12409e+00
1750.00000 5.83598e+00
1751.00000 5.55692e+00
1752.00000 5.29059e+00
1753.00000 5.03114e+00
1754.00000 4.78228e+00
1755.00000 4.54705e+00
1756.00000 4.32053e+00
1757.00000 4.10574e+00
1758.00000 3.90477e+00
1759.00000 3.71385e+00
1760.00000 3.53509e+00
1761.00000 3.36938e+00
1762.00000 3.21448e+00
1763.00000 3.07137e+00
1764.00000 2.93964e+00
1765.00000 2.81886e+00
1766.00000 2.70881e+00
1767.00000 2.60787e+00
1768.00000 2.51750e+00
1769.00000 2.43645e+00
1770.00000 2.36432e+00
1771.00000 2.29491e+00
1772.00000 2.23762e+00
1773.00000 2.18402e+00
1774.00000 2.13888e+00
1775.00000 2.09920e+00
1776.00000 2.06142e+00
1777.00000 2.03087e+00
1778.00000 2.00411e+00
1779.00000 1.97755e+00
1780.00000 1.95683e+00
1781.00000 1.93840e+00
1782.00000 1.91888e+00
1783.00000 1.90373e+00
1784.00000 1.88952e+00
1785.00000 1.87323e+00
1786.00000 1.85978e+00
1787.00000 1.84605e+00
1788.00000 1.82946e+00
1789.00000 1.81419e+00
1790.00000 1.79763e+00
1791.00000 1.77785e+00
1792.00000 1.75964e+00
1793.00000 1.72590e+00
1794.00000 1.70479e+00
1795.00000 1.67709e+00
1796.00000 1.62098e+00
1797.00000 1.61971e+00
1798.00000 1.58535e+00
1799.00000 1.54964e+00
1800.00000 1.51165e+00
1801.00000 1.47358e+00
1802.00000 1.43480e+00
1803.00000 1.39481e+00
1804.00000 1.35575e+00
1805.00000 1.31709e+00
1806.00000 1.27818e+00
1807.00000 1.24125e+00
1808.00000 1.20562e+00
1809.00000 1.17030e+00
1810.00000 1.13787e+00
1811.00000 1.10736e+00
1812.00000 1.07728e+00
1813.00000 1.05081e+00
1814.00000 1.02650e+00
1815.00000 1.00234e+00
1816.00000 9.82212e-01
1817.00000 9.64155e-01
1818.00000 9.45646e-01
1819.00000 9.31282e-01
1820.00000 9.18641e-01
1821.00000 9.04656e-01
1822.00000 8.94814e-01
1823.00000 8.86423e-01
1824.00000 8.75061e-01
1825.00000 -9.26518e-02
1826.00000 -7.21950e-02
1827.00000 -7.72123e-02
1828.00000 -3.97082e-02
1829.00000 -6.93968e-02
1830.00000 -6.04130e-02
1831.00000 -6.36788e-02
1832.00000 -9.71006e-02
1833.00000 -6.25603e-02
1834.00000 -6.57156e-02
1835.00000 -6.93578e-02
1836.00000 -7.52640e-02
1837.00000 -8.33992e-02
1838.00000 -9.20479e-02
1839.00000 -1.01847e-01
1840.00000 -1.13047e-01
1841.00000 -1.26558e-01
1842.00000 -1.36909e-01
1843.00000 -1.53777e-01
1844.00000 -1.69068e-01
1845.00000 -1.83233e-01
1846.00000 -1.98436e-01
1847.00000 -2.14198e-01
1848.00000 -2.27270e-01
1849.00000 -2.42135e-01
1850.00000 -2.56774e-01
1851.00000 -2.67401e-01
1852.00000 -2.80514e-01
1853.00000 -2.92915e-01
1854.00000 -2.95583e-01
1855.00000 -3.02799e-01
1856.00000 -3.01564e-01
1857.00000 -2.73388e-01
1858.00000 -2.98364e-01
1859.00000 -3.17218e-01
1860.00000 -3.29434e-01
1861.00000 -3.40410e-01
1862.00000 -3.51051e-01
1863.00000 -3.58015e-01
1864.00000 -3.69501e-01
1865.00000 -3.81958e-01
1866.00000 -3.92291e-01
1867.00000 -4.07708e-01
1868.00000 -4.24858e-01
1869.00000 -4.40920e-01
1870.00000 -4.62177e-01
1871.00000 -4.85874e-01
1872.00000 -5.08756e-01
1873.00000 -5.39035e-01
1874.00000 -5.81963e-01
1875.00000 -5.73091e-01
1876.00000 -6.21489e-01
1877.00000 -5.64261e-01
1878.00000 -4.62190e-01
1879.00000 1.61484e-01
1880.00000 6.76361e-02
1881.00000 2.26941e-02
1882.00000 -3.47187e-02
1883.00000 -8.05372e-02
1884.00000 -1.11628e-01
1885.00000 -1.46668e-01
1886.00000 -1.76075e-01
1887.00000 -1.95464e-01
1888.00000 -2.15405e-01
1889.00000 -2.30059e-01
1890.00000 -2.35157e-01
1891.00000 -2.39371e-01
1892.00000 -2.37558e-01
1893.00000 -2.11520e-01
1894.00000 -1.00183e-01
1895.00000 -1.51906e-01
1896.00000 -1.97025e-01
1897.00000 -1.81144e-01
1898.00000 -1.60773e-01
1899.00000 -1.39073e-01
1900.00000 -1.15926e-01
1901.00000 -1.14515e+00
1902.00000 -1.18450e+00
1903.00000 -1.22522e+00
1904.00000 -1.25855e+00
1905.00000 -1.28341e+00
1906.00000 -1.30698e+00
1907.00000 -1.31564e+00
1908.00000 -1.31832e+00
1909.00000 -1.33227e+00
1910.00000 -1.37971e+00
1911.00000 -1.42894e+00
1912.00000 -1.49135e+00
1913.00000 -1.56340e+00
1914.00000 -1.63093e+00
1915.00000 -1.69933e+00
1916.00000 -1.77711e+00
1917.00000 -1.84640e+00
1918.00000 -1.90821e+00
1919.00000 -1.99356e+00
1920.00000 -2.06464e+00
1921.00000 -2.12808e+00
1922.00000 -2.20047e+00
1923.00000 -2.28083e+00
1924.00000 -2.35497e+00
1925.00000 -2.43004e+00
1926.00000 -2.51368e+00
1927.00000 -2.59086e+00
1928.00000 -2.66912e+00
1929.00000 -2.75650e+00
1930.00000 -2.83711e+00
1931.00000 -2.90950e+00
1932.00000 -2.99231e+00
1933.00000 -3.09460e+00
1934.00000 -3.17033e+00
1935.00000 -3.25691e+00
1936.00000 -3.35390e+00
1937.00000 -3.44313e+00
1938.00000 -3.53355e+00
1939.00000 -3.63509e+00
1940.00000 -3.72831e+00
1941.00000 -3.82283e+00
1942.00000 -3.92888e+00
1943.00000 -4.02675e+00
1944.00000 -4.11378e+00
1945.00000 -4.21366e+00
1946.00000 -4.33734e+00
1947.00000 -4.42873e+00
1948.00000 -4.53303e+00
1949.00000 -4.65035e+00
1950.00000 -4.75755e+00
1951.00000 -4.86671e+00
1952.00000 -4.98946e+00
1953.00000 -5.10195e+00
1954.00000 -5.20331e+00
1955.00000 -5.34496e+00
1956.00000 -5.46308e+00
1957.00000 -5.56968e+00
1958.00000 -5.69163e+00
1959.00000 -5.84352e+00
1960.00000 -5.95618e+00
1961.00000 -6.08527e+00
1962.00000 -6.23155e+00
1963.00000 -6.36617e+00
1964.00000 -6.50362e+00
1965.00000 -6.65967e+00
1966.00000 -6.80352e+00
1967.00000 -6.93405e+00
1968.00000 -7.11774e+00
1969.00000 -7.27194e+00
1970.00000 -7.41185e+00
1971.00000 -7.57261e+00
1972.00000 -7.75491e+00
1973.00000 -7.92274e+00
1974.00000 -8.09364e+00
1975.00000 -8.28623e+00
1976.00000 -8.46232e+00
1977.00000 -8.63996e+00
1978.00000 -8.83734e+00
1979.00000 -9.01504e+00
1980.00000 -9.17111e+00
1981.00000 -9.38042e+00
1982.00000 -9.54557e+00
1983.00000 -9.68472e+00
1984.00000 -9.83067e+00
1985.00000 -9.97341e+00
1986.00000 -1.00826e+01
1987.00000 1.58174e+01
1988.00000 2.15846e+01
1989.00000 2.69390e+01
1990.00000 3.21024e+01
1991.00000 3.71235e+01
1992.00000 4.06261e+01
1993.00000 4.26436e+01
1994.00000 4.35368e+01
1995.00000 4.26145e+01
1996.00000 4.07307e+01
1997.00000 3.76662e+01
1998.00000 3.34475e+01
1999.00000 2.93086e+01
2000.00000 2.51112e+01
2001.00000 2.06097e+01
2002.00000 1.68758e+01
2003.00000 1.38622e+01
2004.00000 1.02363e+01
2005.00000 7.72756e+00
2006.00000 5.82857e+00
2007.00000 4.04934e+00
2008.00000 2.34988e+00
2009.00000 1.42329e+00
2010.00000 6.72714e-01
2011.00000 1.82179e-01
2012.00000 4.18310e-02
