0.00000 6.93889e-17
1.00000 1.24900e-16
2.00000 -2.35922e-16
3.00000 3.60822e-16
4.00000 -1.66533e-16
5.00000 -1.11022e-16
6.00000 3.88578e-16
7.00000 5.55112e-16
8.00000 -1.11022e-16
9.00000 0.00000e+00
10.00000 1.11022e-16
11.00000 -1.11022e-16
12.00000 5.55112e-16
13.00000 3.33067e-16
14.00000 -1.11022e-16
15.00000 0.00000e+00
16.00000 2.22045e-16
17.00000 -2.22045e-16
18.00000 -1.11022e-16
19.00000 -4.44089e-16
20.00000 -2.22045e-16
21.00000 -3.88578e-16
22.00000 5.55112e-17
23.00000 -4.44089e-16
24.00000 -4.44089e-16
25.00000 -5.55112e-17
26.00000 1.11022e-16
27.00000 6.66134e-16
28.00000 -2.22045e-16
29.00000 4.44089e-16
30.00000 -3.33067e-16
31.00000 -2.77556e-16
32.00000 5.55112e-16
33.00000 -5.55112e-17
34.00000 -1.33227e-15
35.00000 4.99600e-16
36.00000 -5.55112e-16
37.00000 -7.21645e-16
38.00000 6.10623e-16
39.00000 2.22045e-16
40.00000 2.22045e-16
41.00000 3.33067e-16
42.00000 8.88178e-16
43.00000 -7.21645e-16
44.00000 7.21645e-16
45.00000 -9.15934e-16
46.00000 5.27356e-16
47.00000 -4.99600e-16
48.00000 -1.38778e-15
49.00000 1.73472e-15
50.00000 -8.56953e-16
51.00000 -5.13478e-16
52.00000 2.49800e-16
53.00000 -1.05471e-15
54.00000 -3.80251e-15
55.00000 -4.44089e-16
56.00000 1.87350e-15
57.00000 1.11022e-16
58.00000 8.88178e-16
59.00000 1.80411e-15
60.00000 -1.72085e-15
61.00000 2.77556e-16
62.00000 4.99600e-16
63.00000 -1.66533e-16
64.00000 1.94289e-15
65.00000 -2.22045e-16
66.00000 -2.74780e-15
67.00000 4.99600e-16
68.00000 -2.91434e-15
69.00000 -8.81240e-16
70.00000 3.85109e-15
71.00000 -4.44089e-16
72.00000 -2.05391e-15
73.00000 8.88178e-16
74.00000 3.33067e-16
75.00000 -4.44089e-16
76.00000 -9.99201e-16
77.00000 -1.22125e-15
78.00000 -2.22045e-16
79.00000 1.33227e-15
80.00000 8.88178e-16
81.00000 -2.22045e-16
82.00000 -5.55112e-16
83.00000 -4.44089e-16
84.00000 -1.88738e-15
85.00000 8.88178e-16
86.00000 0.00000e+00
87.00000 -1.11022e-16
88.00000 -1.11022e-15
89.00000 -2.10942e-15
90.00000 1.55431e-15
91.00000 -8.88178e-16
92.00000 -2.22045e-16
93.00000 2.22045e-16
94.00000 4.44089e-16
95.00000 0.00000e+00
96.00000 -2.22045e-16
97.00000 -8.88178e-16
98.00000 2.44249e-15
99.00000 -2.22045e-16
100.00000 3.55271e-15
101.00000 1.55431e-15
102.00000 1.55431e-15
103.00000 1.77636e-15
104.00000 2.22045e-16
105.00000 1.55431e-15
106.00000 2.22045e-16
107.00000 2.44249e-15
108.00000 0.00000e+00
109.00000 -2.44249e-15
110.00000 1.99840e-15
111.00000 -1.33227e-15
112.00000 -1.11022e-15
113.00000 -3.55271e-15
114.00000 2.22045e-16
115.00000 -1.77636e-15
116.00000 -8.88178e-16
117.00000 0.00000e+00
118.00000 3.55271e-15
119.00000 -8.88178e-16
120.00000 0.00000e+00
121.00000 -8.88178e-16
122.00000 2.22045e-15
123.00000 -8.88178e-16
124.00000 -6.21725e-15
125.00000 2.22045e-15
126.00000 2.66454e-15
127.00000 0.00000e+00
128.00000 3.55271e-15
129.00000 1.33227e-15
130.00000 -2.66454e-15
131.00000 8.88178e-16
132.00000 1.77636e-15
133.00000 -3.99680e-15
134.00000 1.77636e-15
135.00000 3.10862e-15
136.00000 3.10862e-15
137.00000 0.00000e+00
138.00000 -8.88178e-16
139.00000 3.10862e-15
140.00000 4.44089e-16
141.00000 -1.33227e-15
142.00000 2.66454e-15
143.00000 0.00000e+00
144.00000 -3.99680e-15
145.00000 5.32907e-15
146.00000 2.93099e-14
147.00000 3.55271e-15
148.00000 5.32907e-15
149.00000 0.00000e+00
150.00000 8.88178e-16
151.00000 -8.88178e-16
152.00000 1.77636e-15
153.00000 1.77636e-15
154.00000 -1.77636e-15
155.00000 8.88178e-16
156.00000 5.32907e-15
157.00000 5.32907e-15
158.00000 -3.55271e-15
159.00000 1.77636e-15
160.00000 -1.77636e-15
161.00000 6.21725e-15
162.00000 8.88178e-16
163.00000 7.10543e-15
164.00000 -2.66454e-15
165.00000 0.00000e+00
166.00000 0.00000e+00
167.00000 -8.88178e-16
168.00000 0.00000e+00
169.00000 3.55271e-15
170.00000 -3.55271e-15
171.00000 1.77636e-15
172.00000 0.00000e+00
173.00000 0.00000e+00
174.00000 1.77636e-15
175.00000 -3.55271e-15
176.00000 -1.77636e-15
177.00000 -1.77636e-15
178.00000 0.00000e+00
179.00000 -1.77636e-15
180.00000 0.00000e+00
181.00000 1.77636e-15
182.00000 -1.77636e-15
183.00000 0.00000e+00
184.00000 1.77636e-15
185.00000 0.00000e+00
186.00000 0.00000e+00
187.00000 0.00000e+00
188.00000 0.00000e+00
189.00000 0.00000e+00
190.00000 0.00000e+00
191.00000 1.77636e-15
192.00000 0.00000e+00
193.00000 -3.55271e-15
194.00000 0.00000e+00
195.00000 3.55271e-15
196.00000 0.00000e+00
197.00000 0.00000e+00
198.00000 0.00000e+00
199.00000 0.00000e+00
200.00000 0.00000e+00
201.00000 0.00000e+00
202.00000 0.00000e+00
203.00000 -3.55271e-15
204.00000 3.55271e-15
205.00000 0.00000e+00
206.00000 -7.10543e-15
207.00000 -7.10543e-15
208.00000 3.55271e-15
209.00000 7.10543e-15
210.00000 -1.06581e-14
211.00000 0.00000e+00
212.00000 -7.10543e-15
213.00000 2.84217e-14
214.00000 1.06581e-14
215.00000 -8.17124e-14
216.00000 -7.46070e-14
217.00000 -7.46070e-14
218.00000 8.96782e-04
219.00000 1.12816e-03
220.00000 1.32755e-03
221.00000 1.55437e-03
222.00000 1.76774e-03
223.00000 1.93464e-03
224.00000 2.10515e-03
225.00000 2.22665e-03
226.00000 2.33557e-03
227.00000 2.39813e-03
228.00000 2.43262e-03
229.00000 2.42769e-03
230.00000 2.38048e-03
231.00000 2.30394e-03
232.00000 2.17237e-03
233.00000 1.99554e-03
234.00000 1.80844e-03
235.00000 1.54959e-03
236.00000 1.29389e-03
237.00000 9.57517e-04
238.00000 6.37944e-04
239.00000 2.30637e-04
240.00000 -1.46121e-04
241.00000 -6.15141e-04
242.00000 -1.03973e-03
243.00000 -1.55750e-03
244.00000 -2.09433e-03
245.00000 -2.56481e-03
246.00000 -3.11902e-03
247.00000 -3.59205e-03
248.00000 -4.13197e-03
249.00000 -4.57518e-03
250.00000 -5.05576e-03
251.00000 -5.42306e-03
252.00000 -9.86800e-04
253.00000 -1.00339e-03
254.00000 -9.84784e-04
255.00000 -9.30925e-04
256.00000 -8.23193e-04
257.00000 -6.72525e-04
258.00000 -5.17474e-04
259.00000 -3.19533e-04
260.00000 -1.47551e-04
261.00000 4.03968e-05
262.00000 1.79101e-04
263.00000 3.03386e-04
264.00000 3.71594e-04
265.00000 4.03526e-04
266.00000 3.91646e-04
267.00000 3.38622e-04
268.00000 2.55022e-04
269.00000 1.70793e-04
270.00000 7.33040e-05
271.00000 3.20470e-06
272.00000 -4.82313e-05
273.00000 -5.61905e-05
274.00000 -1.40301e-05
275.00000 7.07517e-05
276.00000 2.28025e-04
277.00000 4.10969e-04
278.00000 6.74657e-04
279.00000 9.82703e-04
280.00000 1.27227e-03
281.00000 1.62689e-03
282.00000 1.93403e-03
283.00000 2.28237e-03
284.00000 2.56177e-03
285.00000 2.85367e-03
286.00000 3.06656e-03
287.00000 3.26351e-03
288.00000 3.38373e-03
289.00000 3.46407e-03
290.00000 3.47908e-03
291.00000 3.44120e-03
292.00000 3.34135e-03
293.00000 3.21237e-03
294.00000 3.01798e-03
295.00000 2.82006e-03
296.00000 2.56115e-03
297.00000 -1.60548e-03
298.00000 -1.20805e-03
299.00000 -9.25713e-04
300.00000 -6.60163e-04
301.00000 -4.81939e-04
302.00000 -3.23788e-04
303.00000 -2.10258e-04
304.00000 -1.41413e-04
305.00000 -8.66588e-05
306.00000 -5.61114e-05
307.00000 -3.38335e-05
308.00000 -2.24109e-05
309.00000 -1.45025e-05
310.00000 -1.03320e-05
311.00000 -6.90311e-06
312.00000 -4.46799e-06
313.00000 -1.80925e-06
314.00000 5.02510e-07
315.00000 -1.91145e-05
316.00000 -7.35194e-05
317.00000 -1.12432e-04
318.00000 -3.17822e-04
319.00000 -3.69426e-04
320.00000 -8.85873e-04
321.00000 -8.62631e-04
322.00000 -1.95809e-03
323.00000 -1.65747e-03
324.00000 -5.84974e-03
325.00000 -6.68303e-03
326.00000 -7.59955e-03
327.00000 -8.30931e-03
328.00000 -8.87388e-03
329.00000 -9.35064e-03
330.00000 -9.48467e-03
331.00000 -9.65900e-03
332.00000 -9.38589e-03
333.00000 -9.31207e-03
334.00000 -8.67068e-03
335.00000 -8.37062e-03
336.00000 -7.49166e-03
337.00000 -6.53005e-03
338.00000 -6.08049e-03
339.00000 -5.12661e-03
340.00000 -4.68753e-03
341.00000 -3.72432e-03
342.00000 -3.34984e-03
343.00000 -2.49761e-03
344.00000 -2.27019e-03
345.00000 -1.56184e-03
346.00000 -1.38424e-03
347.00000 -8.30126e-04
348.00000 -7.47653e-04
349.00000 -3.38126e-04
350.00000 -3.69505e-04
351.00000 -8.04778e-05
352.00000 -1.24207e-04
353.00000 3.90574e-05
354.00000 -3.11100e-05
355.00000 9.35206e-05
356.00000 1.38656e-05
357.00000 9.12450e-05
358.00000 1.41685e-04
359.00000 6.48046e-05
360.00000 9.50696e-05
361.00000 3.52695e-05
362.00000 5.54370e-05
363.00000 1.31881e-05
364.00000 1.70981e-05
365.00000 -8.92839e-06
366.00000 5.93774e-06
367.00000 -1.16727e-05
368.00000 8.32496e-07
369.00000 -1.37846e-05
370.00000 -3.41254e-06
371.00000 -1.94921e-05
372.00000 -1.05803e-05
373.00000 -3.07630e-05
374.00000 -2.17523e-05
375.00000 -5.59004e-05
376.00000 -4.52335e-05
377.00000 -7.38228e-05
378.00000 -5.76261e-05
379.00000 -8.58532e-05
380.00000 -6.12208e-05
381.00000 -3.05648e-05
382.00000 -4.98701e-05
383.00000 -9.47371e-06
384.00000 -1.90393e-05
385.00000 2.99664e-05
386.00000 2.23659e-05
387.00000 7.81233e-05
388.00000 9.72875e-05
389.00000 1.53109e-04
390.00000 1.87602e-04
391.00000 2.35403e-04
392.00000 2.90641e-04
393.00000 3.25059e-04
394.00000 3.93032e-04
395.00000 3.99658e-04
396.00000 4.81891e-04
397.00000 4.49231e-04
398.00000 5.46564e-04
399.00000 4.63086e-04
400.00000 5.78833e-04
401.00000 4.33148e-04
402.00000 5.74367e-04
403.00000 3.54875e-04
404.00000 5.78176e-05
405.00000 2.27695e-04
406.00000 -1.75476e-04
407.00000 5.49218e-05
408.00000 -4.82369e-04
409.00000 -1.56816e-04
410.00000 -8.78595e-04
411.00000 -3.98536e-04
412.00000 -1.41181e-03
413.00000 -6.60106e-04
414.00000 -8.05627e-04
415.00000 1.12083e-03
416.00000 -1.07863e-03
417.00000 7.33894e-03
418.00000 5.26432e-03
419.00000 1.03924e-02
420.00000 5.20825e-03
421.00000 7.28580e-03
422.00000 5.17188e-03
423.00000 6.48878e-03
424.00000 5.15622e-03
425.00000 6.12913e-03
426.00000 5.16758e-03
427.00000 4.43033e-03
428.00000 5.21116e-03
429.00000 4.62964e-03
430.00000 5.28821e-03
431.00000 4.82455e-03
432.00000 5.39614e-03
433.00000 5.02594e-03
434.00000 5.52979e-03
435.00000 5.23609e-03
436.00000 5.68256e-03
437.00000 5.77014e-03
438.00000 6.13745e-03
439.00000 5.93718e-03
440.00000 6.25463e-03
441.00000 6.10145e-03
442.00000 6.36580e-03
443.00000 6.25033e-03
444.00000 6.45521e-03
445.00000 6.36679e-03
446.00000 6.50232e-03
447.00000 6.42757e-03
448.00000 6.37694e-03
449.00000 6.40159e-03
450.00000 6.33626e-03
451.00000 6.24931e-03
452.00000 6.14442e-03
453.00000 5.92435e-03
454.00000 5.75163e-03
455.00000 5.37943e-03
456.00000 5.11157e-03
457.00000 4.57886e-03
458.00000 4.19762e-03
459.00000 3.35086e-03
460.00000 2.85408e-03
461.00000 2.08042e-03
462.00000 1.51367e-03
463.00000 7.49474e-04
464.00000 1.66496e-04
465.00000 -4.51161e-04
466.00000 -1.00578e-03
467.00000 -1.27857e-03
468.00000 -1.84752e-03
469.00000 -1.02243e-03
470.00000 2.39319e-01
471.00000 -2.42014e-02
472.00000 5.39029e-03
473.00000 -3.71842e-03
474.00000 6.04773e-03
475.00000 1.10987e-03
476.00000 7.21354e-06
477.00000 3.60967e-03
478.00000 2.66387e-03
479.00000 1.06209e-03
480.00000 4.08229e-03
481.00000 2.63219e-03
482.00000 3.84528e-03
483.00000 2.84790e-03
484.00000 1.18576e-03
485.00000 9.98637e-04
486.00000 -1.97096e-03
487.00000 -4.38347e-03
488.00000 -9.13481e-03
489.00000 -1.42443e-02
490.00000 -1.86377e-02
491.00000 -2.27347e-02
492.00000 -2.58541e-02
493.00000 -2.65507e-02
494.00000 -2.48177e-02
495.00000 -2.15788e-02
496.00000 -1.54808e-02
497.00000 -8.78557e-03
498.00000 -3.38301e-03
499.00000 2.07202e-03
500.00000 5.43592e-03
501.00000 8.83302e-03
502.00000 1.13399e-02
503.00000 1.16284e-02
504.00000 1.25465e-02
505.00000 1.13738e-02
506.00000 1.12998e-02
507.00000 1.06819e-02
508.00000 9.26236e-03
509.00000 8.97019e-03
510.00000 9.54179e-03
511.00000 9.70156e-03
512.00000 1.20168e-02
513.00000 1.47388e-02
514.00000 2.06964e-02
515.00000 2.91705e-02
516.00000 3.89363e-02
517.00000 5.29774e-02
518.00000 6.79183e-02
519.00000 8.54566e-02
520.00000 1.02906e-01
521.00000 1.15831e-01
522.00000 1.27557e-01
523.00000 1.33759e-01
524.00000 1.38816e-01
525.00000 1.40982e-01
526.00000 1.39867e-01
527.00000 1.39093e-01
528.00000 1.37449e-01
529.00000 1.33557e-01
530.00000 1.31010e-01
531.00000 1.26626e-01
532.00000 1.23695e-01
533.00000 1.20649e-01
534.00000 1.16021e-01
535.00000 1.12863e-01
536.00000 1.08463e-01
537.00000 1.05265e-01
538.00000 1.02095e-01
539.00000 9.72913e-02
540.00000 9.41938e-02
541.00000 8.90600e-02
542.00000 8.60739e-02
543.00000 8.41018e-02
544.00000 -3.94765e-02
545.00000 -1.55208e-01
546.00000 -1.56816e-01
547.00000 -1.71424e-01
548.00000 -1.75840e-01
549.00000 -1.86516e-01
550.00000 -1.90420e-01
551.00000 -1.93961e-01
552.00000 -2.01113e-01
553.00000 -2.02502e-01
554.00000 -1.76732e-01
555.00000 -1.73985e-01
556.00000 -1.70004e-01
557.00000 -1.68712e-01
558.00000 -1.62006e-01
559.00000 -1.54000e-01
560.00000 -1.48449e-01
561.00000 -1.38412e-01
562.00000 -1.30586e-01
563.00000 -1.19068e-01
564.00000 -1.07213e-01
565.00000 -9.75225e-02
566.00000 -8.53619e-02
567.00000 -7.53047e-02
568.00000 -6.35109e-02
569.00000 -5.21784e-02
570.00000 -4.28623e-02
571.00000 -3.26574e-02
572.00000 -2.43492e-02
573.00000 -1.56759e-02
574.00000 -7.91122e-03
575.00000 -1.85109e-03
576.00000 4.01798e-03
577.00000 8.82203e-03
578.00000 1.21911e-02
579.00000 1.49084e-02
580.00000 1.63843e-02
581.00000 1.69541e-02
582.00000 1.51510e-02
583.00000 1.38504e-02
584.00000 1.23888e-02
585.00000 1.10866e-02
586.00000 1.01430e-02
587.00000 9.06781e-03
588.00000 8.27977e-03
589.00000 7.37220e-03
590.00000 6.53958e-03
591.00000 5.92106e-03
592.00000 5.20116e-03
593.00000 4.53507e-03
594.00000 4.03796e-03
595.00000 3.45842e-03
596.00000 3.02667e-03
597.00000 2.52518e-03
598.00000 2.06479e-03
599.00000 1.72535e-03
600.00000 1.33646e-03
601.00000 9.86377e-04
602.00000 7.33906e-04
603.00000 4.52449e-04
604.00000 2.54319e-04
605.00000 4.00522e-05
606.00000 -1.37622e-04
607.00000 -2.53855e-04
608.00000 -3.67428e-04
609.00000 -4.46642e-04
610.00000 -4.86021e-04
611.00000 -5.06341e-04
612.00000 -5.00396e-04
613.00000 -4.66608e-04
614.00000 -4.05266e-04
615.00000 -3.37723e-04
616.00000 -2.32070e-04
617.00000 -1.05068e-04
618.00000 1.01998e-05
619.00000 1.69114e-04
620.00000 3.06366e-04
621.00000 4.88157e-04
622.00000 6.78552e-04
623.00000 8.35046e-04
624.00000 1.03335e-03
625.00000 1.23185e-03
626.00000 1.38880e-03
627.00000 1.58026e-03
628.00000 1.72792e-03
629.00000 1.90338e-03
630.00000 2.06642e-03
631.00000 2.18636e-03
632.00000 2.32146e-03
633.00000 2.43836e-03
634.00000 2.51773e-03
635.00000 2.59816e-03
636.00000 2.64686e-03
637.00000 2.68755e-03
638.00000 2.70542e-03
639.00000 2.70319e-03
640.00000 2.67987e-03
641.00000 2.63415e-03
642.00000 2.58194e-03
643.00000 2.49793e-03
644.00000 2.41648e-03
645.00000 2.29804e-03
646.00000 2.16263e-03
647.00000 2.04326e-03
648.00000 1.88187e-03
649.00000 1.70881e-03
650.00000 1.56338e-03
651.00000 1.37467e-03
652.00000 1.21952e-03
653.00000 1.02219e-03
654.00000 8.23086e-04
655.00000 6.63945e-04
656.00000 4.66897e-04
657.00000 2.73745e-04
658.00000 1.23257e-04
659.00000 -5.83795e-05
660.00000 -1.97529e-04
661.00000 -3.62566e-04
662.00000 -5.16526e-04
663.00000 -6.30967e-04
664.00000 -7.62310e-04
665.00000 -8.79912e-04
666.00000 -9.63681e-04
667.00000 -1.05511e-03
668.00000 -1.13151e-03
669.00000 -1.18170e-03
670.00000 -1.23079e-03
671.00000 -1.25921e-03
672.00000 -1.28141e-03
673.00000 -1.28916e-03
674.00000 -1.28529e-03
675.00000 -1.26840e-03
676.00000 -1.23876e-03
677.00000 -1.20641e-03
678.00000 -1.15592e-03
679.00000 -1.10806e-03
680.00000 -1.03977e-03
681.00000 -9.63051e-04
682.00000 -8.96337e-04
683.00000 -8.07219e-04
684.00000 -7.12811e-04
685.00000 -6.34256e-04
686.00000 -5.33248e-04
687.00000 -4.50911e-04
688.00000 -3.47031e-04
689.00000 -2.43119e-04
690.00000 -1.60689e-04
691.00000 -5.93919e-05
692.00000 2.93694e-05
693.00000 1.15156e-04
694.00000 2.06231e-04
695.00000 2.83758e-04
696.00000 3.56551e-04
697.00000 4.24162e-04
698.00000 4.92744e-04
699.00000 5.48234e-04
700.00000 5.97562e-04
701.00000 6.40552e-04
702.00000 6.80754e-04
703.00000 7.10086e-04
704.00000 7.32958e-04
705.00000 7.49466e-04
706.00000 7.60533e-04
707.00000 7.64182e-04
708.00000 7.62133e-04
709.00000 7.54704e-04
710.00000 7.40581e-04
711.00000 7.23029e-04
712.00000 7.01340e-04
713.00000 6.75971e-04
714.00000 6.44051e-04
715.00000 6.12498e-04
716.00000 5.78784e-04
717.00000 5.43404e-04
718.00000 5.02732e-04
719.00000 4.65422e-04
720.00000 4.27917e-04
721.00000 3.90651e-04
722.00000 3.50015e-04
723.00000 3.14544e-04
724.00000 2.80466e-04
725.00000 2.48080e-04
726.00000 2.14392e-04
727.00000 1.86377e-04
728.00000 1.60722e-04
729.00000 1.37558e-04
730.00000 1.14847e-04
731.00000 9.71804e-05
732.00000 8.21461e-05
733.00000 6.97108e-05
734.00000 5.88576e-05
735.00000 5.16454e-05
736.00000 4.67175e-05
737.00000 4.39155e-05
738.00000 4.30750e-05
739.00000 4.41451e-05
740.00000 4.67219e-05
741.00000 5.05784e-05
742.00000 5.60786e-05
743.00000 6.18609e-05
744.00000 6.81830e-05
745.00000 7.48080e-05
746.00000 8.22431e-05
747.00000 8.87574e-05
748.00000 9.48842e-05
749.00000 1.00996e-04
750.00000 1.05672e-04
751.00000 1.09392e-04
752.00000 1.12011e-04
753.00000 1.73472e-17
754.00000 -5.55112e-17
755.00000 1.10328e-15
756.00000 5.10009e-16
757.00000 -7.63278e-16
758.00000 -9.05526e-16
759.00000 2.98372e-16
760.00000 3.01842e-16
761.00000 1.09981e-15
762.00000 -2.02616e-15
763.00000 -7.63278e-16
764.00000 -9.50628e-16
765.00000 4.30211e-16
766.00000 1.59595e-16
767.00000 -4.71845e-16
768.00000 -1.31839e-16
769.00000 8.39606e-16
770.00000 -1.38778e-17
771.00000 1.73472e-16
772.00000 -3.33067e-16
773.00000 1.80411e-16
774.00000 0.00000e+00
775.00000 -2.63678e-16
776.00000 4.16334e-17
777.00000 -8.32667e-17
778.00000 -1.38778e-17
779.00000 1.38778e-16
780.00000 8.32667e-17
781.00000 -1.80411e-16
782.00000 -6.93889e-17
783.00000 2.22045e-16
784.00000 -1.24900e-16
785.00000 1.24900e-16
786.00000 0.00000e+00
787.00000 1.38778e-17
788.00000 8.32667e-17
789.00000 -2.77556e-17
790.00000 6.93889e-17
791.00000 -1.38778e-17
792.00000 -9.71445e-17
793.00000 -6.93889e-17
794.00000 -2.77556e-17
795.00000 0.00000e+00
796.00000 2.77556e-17
797.00000 1.38778e-17
798.00000 -5.55112e-17
799.00000 2.77556e-17
800.00000 0.00000e+00
801.00000 0.00000e+00
802.00000 2.77556e-17
803.00000 2.77556e-17
804.00000 1.38778e-17
805.00000 2.77556e-17
806.00000 -1.38778e-17
807.00000 0.00000e+00
808.00000 -2.08167e-17
809.00000 3.46945e-17
810.00000 3.46945e-17
811.00000 6.93889e-18
812.00000 -2.77556e-17
813.00000 -1.38778e-17
814.00000 -4.16334e-17
815.00000 2.08167e-17
816.00000 -2.42861e-17
817.00000 2.77556e-17
818.00000 2.42861e-17
819.00000 -1.04083e-17
820.00000 -1.21431e-17
821.00000 1.73472e-18
822.00000 1.25767e-17
823.00000 1.04083e-17
824.00000 -2.08167e-17
825.00000 -2.94903e-17
826.00000 1.38778e-17
827.00000 -2.08167e-17
828.00000 1.73472e-17
829.00000 -3.46945e-18
830.00000 1.04083e-17
831.00000 4.85723e-17
832.00000 1.38778e-17
833.00000 -2.08167e-17
834.00000 2.08167e-17
835.00000 0.00000e+00
836.00000 6.93889e-18
837.00000 1.21431e-17
838.00000 2.60209e-17
839.00000 6.93889e-18
840.00000 -1.38778e-17
841.00000 -6.93889e-18
842.00000 1.38778e-17
843.00000 -1.38778e-17
844.00000 -4.16334e-17
845.00000 0.00000e+00
846.00000 0.00000e+00
847.00000 2.77556e-17
848.00000 1.11022e-16
849.00000 5.55112e-17
850.00000 -5.55112e-17
851.00000 0.00000e+00
852.00000 1.11022e-16
853.00000 1.11022e-16
854.00000 0.00000e+00
855.00000 2.22045e-16
856.00000 0.00000e+00
857.00000 0.00000e+00
858.00000 2.22045e-16
859.00000 0.00000e+00
860.00000 -4.44089e-16
861.00000 0.00000e+00
862.00000 -2.22045e-16
863.00000 4.44089e-16
864.00000 0.00000e+00
865.00000 -4.44089e-16
866.00000 0.00000e+00
867.00000 8.88178e-16
868.00000 -4.44089e-16
869.00000 8.88178e-16
870.00000 0.00000e+00
871.00000 8.88178e-16
872.00000 0.00000e+00
873.00000 0.00000e+00
874.00000 8.88178e-16
875.00000 0.00000e+00
876.00000 1.77636e-15
877.00000 0.00000e+00
878.00000 0.00000e+00
879.00000 -1.77636e-15
880.00000 0.00000e+00
881.00000 1.77636e-15
882.00000 0.00000e+00
883.00000 0.00000e+00
884.00000 -3.55271e-15
885.00000 0.00000e+00
886.00000 -3.55271e-15
887.00000 3.55271e-15
888.00000 3.55271e-15
889.00000 0.00000e+00
890.00000 0.00000e+00
891.00000 3.55271e-15
892.00000 3.55271e-15
893.00000 0.00000e+00
894.00000 -3.55271e-15
895.00000 0.00000e+00
896.00000 0.00000e+00
897.00000 7.10543e-15
898.00000 3.55271e-15
899.00000 0.00000e+00
900.00000 3.55271e-15
901.00000 0.00000e+00
902.00000 0.00000e+00
903.00000 3.55271e-15
904.00000 0.00000e+00
905.00000 3.55271e-15
906.00000 1.77636e-15
907.00000 -1.77636e-15
908.00000 -1.77636e-15
909.00000 0.00000e+00
910.00000 -8.88178e-16
911.00000 0.00000e+00
912.00000 -1.11022e-16
913.00000 6.93889e-17
914.00000 -3.33067e-16
915.00000 -2.22045e-16
916.00000 4.44089e-16
917.00000 0.00000e+00
918.00000 0.00000e+00
919.00000 0.00000e+00
920.00000 -1.77636e-15
921.00000 -1.77636e-15
922.00000 -1.77636e-15
923.00000 -1.77636e-15
924.00000 1.77636e-15
925.00000 -5.32907e-15
926.00000 0.00000e+00
927.00000 0.00000e+00
928.00000 0.00000e+00
929.00000 -1.77636e-14
930.00000 -3.55271e-15
931.00000 -3.55271e-15
932.00000 1.06581e-14
933.00000 -2.84217e-14
934.00000 0.00000e+00
935.00000 -2.13163e-14
936.00000 -1.42109e-14
937.00000 1.42109e-14
938.00000 2.84217e-14
939.00000 -2.84217e-14
940.00000 2.13163e-14
941.00000 0.00000e+00
942.00000 0.00000e+00
943.00000 -2.84217e-14
944.00000 -2.84217e-14
945.00000 -1.42109e-14
946.00000 -1.42109e-14
947.00000 0.00000e+00
948.00000 -1.42109e-14
949.00000 1.42109e-14
950.00000 2.84217e-14
951.00000 -1.42109e-14
952.00000 2.84217e-14
953.00000 0.00000e+00
954.00000 -2.84217e-14
955.00000 0.00000e+00
956.00000 -4.26326e-14
957.00000 2.84217e-14
958.00000 -1.42109e-14
959.00000 1.42109e-14
960.00000 0.00000e+00
961.00000 2.84217e-14
962.00000 -2.84217e-14
963.00000 -2.84217e-14
964.00000 1.42109e-14
965.00000 -1.42109e-14
966.00000 -2.13163e-14
967.00000 0.00000e+00
968.00000 7.10543e-15
969.00000 -2.13163e-14
970.00000 0.00000e+00
971.00000 0.00000e+00
972.00000 1.42109e-14
973.00000 0.00000e+00
974.00000 0.00000e+00
975.00000 2.13163e-14
976.00000 7.10543e-15
977.00000 0.00000e+00
978.00000 1.42109e-14
979.00000 7.10543e-15
980.00000 -7.10543e-15
981.00000 7.10543e-15
982.00000 -7.10543e-15
983.00000 1.77636e-14
984.00000 0.00000e+00
985.00000 -1.77636e-14
986.00000 3.55271e-15
987.00000 3.55271e-15
988.00000 2.48690e-14
989.00000 -1.06581e-14
990.00000 1.42109e-14
991.00000 1.06581e-14
992.00000 -1.42109e-14
993.00000 -3.55271e-15
994.00000 1.42109e-14
995.00000 0.00000e+00
996.00000 -3.55271e-15
997.00000 -7.10543e-15
998.00000 1.06581e-14
999.00000 2.22045e-15
1000.00000 -1.06581e-14
1001.00000 -3.55271e-15
1002.00000 0.00000e+00
1003.00000 0.00000e+00
1004.00000 0.00000e+00
1005.00000 1.42109e-14
1006.00000 -1.42109e-14
1007.00000 3.55271e-15
1008.00000 0.00000e+00
1009.00000 -2.88658e-15
1010.00000 -1.77636e-15
1011.00000 1.77636e-15
1012.00000 -1.77636e-15
1013.00000 0.00000e+00
1014.00000 8.88178e-15
1015.00000 3.55271e-15
1016.00000 3.55271e-15
1017.00000 -1.06581e-14
1018.00000 -7.10543e-15
1019.00000 0.00000e+00
1020.00000 0.00000e+00
1021.00000 3.55271e-15
1022.00000 3.55271e-15
1023.00000 -7.10543e-15
1024.00000 3.55271e-15
1025.00000 0.00000e+00
1026.00000 0.00000e+00
1027.00000 7.10543e-15
1028.00000 2.13163e-14
1029.00000 -3.55271e-15
1030.00000 3.55271e-15
1031.00000 3.55271e-15
1032.00000 1.42109e-14
1033.00000 3.55271e-15
1034.00000 7.10543e-15
1035.00000 -7.10543e-15
1036.00000 0.00000e+00
1037.00000 -7.10543e-15
1038.00000 1.42109e-14
1039.00000 -5.32907e-15
1040.00000 -1.77636e-15
1041.00000 -8.88178e-15
1042.00000 -1.77636e-15
1043.00000 0.00000e+00
1044.00000 -7.10543e-15
1045.00000 1.24345e-14
1046.00000 -5.32907e-15
1047.00000 0.00000e+00
1048.00000 2.13163e-14
1049.00000 8.88178e-15
1050.00000 1.06581e-14
1051.00000 -1.77636e-15
1052.00000 0.00000e+00
1053.00000 5.32907e-15
1054.00000 -3.55271e-15
1055.00000 -1.77636e-15
1056.00000 3.55271e-15
1057.00000 -7.99361e-15
1058.00000 4.44089e-16
1059.00000 1.35170e-14
1060.00000 -1.33227e-15
1061.00000 -2.66454e-15
1062.00000 3.90799e-14
1063.00000 5.50671e-14
1064.00000 7.46070e-14
1065.00000 1.27898e-13
1066.00000 -1.77636e-14
1067.00000 -6.92779e-14
1068.00000 3.19744e-14
1069.00000 3.37508e-14
1070.00000 3.37508e-14
1071.00000 -2.66454e-14
1072.00000 1.24345e-14
1073.00000 -1.77636e-15
1074.00000 -1.24345e-14
1075.00000 8.88178e-15
1076.00000 -1.77636e-15
1077.00000 0.00000e+00
1078.00000 1.77636e-15
1079.00000 -1.77636e-15
1080.00000 -3.55271e-15
1081.00000 0.00000e+00
1082.00000 3.55271e-15
1083.00000 0.00000e+00
1084.00000 0.00000e+00
1085.00000 3.55271e-15
1086.00000 1.77636e-15
1087.00000 -5.32907e-15
1088.00000 0.00000e+00
1089.00000 -1.77636e-15
1090.00000 0.00000e+00
1091.00000 1.77636e-15
1092.00000 8.88178e-16
1093.00000 0.00000e+00
1094.00000 0.00000e+00
1095.00000 -4.44089e-16
1096.00000 0.00000e+00
1097.00000 0.00000e+00
1098.00000 1.77636e-15
1099.00000 8.88178e-15
1100.00000 -4.44089e-14
1101.00000 1.06581e-14
1102.00000 1.06581e-14
1103.00000 -7.10543e-15
1104.00000 3.90799e-14
1105.00000 -3.55271e-15
1106.00000 7.10543e-15
1107.00000 7.10543e-15
1108.00000 -1.24345e-14
1109.00000 5.32907e-15
1110.00000 1.06581e-14
1111.00000 -7.10543e-15
1112.00000 -1.77636e-15
1113.00000 -1.77636e-15
1114.00000 0.00000e+00
1115.00000 1.77636e-15
1116.00000 0.00000e+00
1117.00000 -3.55271e-15
1118.00000 -5.32907e-15
1119.00000 1.77636e-15
1120.00000 0.00000e+00
1121.00000 -1.77636e-15
1122.00000 0.00000e+00
1123.00000 1.77636e-15
1124.00000 1.77636e-15
1125.00000 -1.77636e-15
1126.00000 3.55271e-15
1127.00000 -1.77636e-15
1128.00000 -7.10543e-15
1129.00000 3.17549e-05
1130.00000 1.82577e-05
1131.00000 9.27745e-06
1132.00000 2.25979e-06
1133.00000 -1.47458e-06
1134.00000 -2.35475e-06
1135.00000 -1.17465e-06
1136.00000 1.16114e-06
1137.00000 4.41210e-06
1138.00000 6.86514e-06
1139.00000 7.99543e-06
1140.00000 6.38849e-06
1141.00000 1.35870e-07
1142.00000 -1.24408e-05
1143.00000 -2.99746e-05
1144.00000 -5.89820e-05
1145.00000 -9.34092e-05
1146.00000 -1.44395e-04
1147.00000 -2.00132e-04
1148.00000 -2.77424e-04
1149.00000 -3.57443e-04
1150.00000 -4.63293e-04
1151.00000 -5.84328e-04
1152.00000 -7.02163e-04
1153.00000 -8.49377e-04
1154.00000 -9.87841e-04
1155.00000 -1.15503e-03
1156.00000 -1.30698e-03
1157.00000 -1.48405e-03
1158.00000 -1.66101e-03
1159.00000 -1.81236e-03
1160.00000 -1.97715e-03
1161.00000 -2.11055e-03
1162.00000 -2.24622e-03
1163.00000 -2.34663e-03
1164.00000 -2.43633e-03
1165.00000 -2.48982e-03
1166.00000 -2.51924e-03
1167.00000 -2.51233e-03
1168.00000 -2.47523e-03
1169.00000 -2.39698e-03
1170.00000 -2.29783e-03
1171.00000 -2.15150e-03
1172.00000 -1.99735e-03
1173.00000 -1.79589e-03
1174.00000 -1.60225e-03
1175.00000 -1.36781e-03
1176.00000 -1.12738e-03
1177.00000 -9.19116e-04
1178.00000 -6.91782e-04
1179.00000 -5.09024e-04
1180.00000 -3.26284e-04
1181.00000 -1.94977e-04
1182.00000 -8.32951e-05
1183.00000 -2.27644e-05
1184.00000 1.21596e-06
1185.00000 5.29985e-03
1186.00000 1.10595e-02
1187.00000 1.75228e-02
1188.00000 2.49150e-02
1189.00000 3.37140e-02
1190.00000 4.31138e-02
1191.00000 5.31211e-02
1192.00000 6.39008e-02
1193.00000 7.38878e-02
1194.00000 8.31763e-02
1195.00000 9.18876e-02
1196.00000 9.90862e-02
1197.00000 1.05272e-01
1198.00000 1.11126e-01
1199.00000 1.16235e-01
1200.00000 1.21196e-01
1201.00000 1.27212e-01
1202.00000 1.32681e-01
1203.00000 1.38265e-01
1204.00000 1.45563e-01
1205.00000 1.51191e-01
1206.00000 1.56390e-01
1207.00000 1.63163e-01
1208.00000 1.67117e-01
1209.00000 1.70182e-01
1210.00000 1.74549e-01
1211.00000 1.75743e-01
1212.00000 1.76009e-01
1213.00000 1.77400e-01
1214.00000 1.75938e-01
1215.00000 1.73762e-01
1216.00000 1.72582e-01
1217.00000 1.69159e-01
1218.00000 1.65288e-01
1219.00000 1.62273e-01
1220.00000 1.57648e-01
1221.00000 1.52797e-01
1222.00000 1.48636e-01
1223.00000 1.43409e-01
1224.00000 1.38106e-01
1225.00000 1.33319e-01
1226.00000 1.27894e-01
1227.00000 1.22484e-01
1228.00000 1.17422e-01
1229.00000 1.12042e-01
1230.00000 1.06727e-01
1231.00000 1.01613e-01
1232.00000 9.64146e-02
1233.00000 9.13053e-02
1234.00000 8.62769e-02
1235.00000 8.13297e-02
1236.00000 7.64828e-02
1237.00000 7.16262e-02
1238.00000 6.69655e-02
1239.00000 6.24092e-02
1240.00000 5.77820e-02
1241.00000 5.34254e-02
1242.00000 4.91746e-02
1243.00000 4.48191e-02
1244.00000 4.07768e-02
1245.00000 3.68406e-02
1246.00000 3.27905e-02
1247.00000 2.90694e-02
1248.00000 2.54546e-02
1249.00000 2.17376e-02
1250.00000 1.83430e-02
1251.00000 1.50547e-02
1252.00000 1.16932e-02
1253.00000 8.62880e-03
1254.00000 5.67017e-03
1255.00000 2.68141e-03
1256.00000 -5.10653e-05
1257.00000 -2.67859e-03
1258.00000 -5.28189e-03
1259.00000 -7.68239e-03
1260.00000 -9.97903e-03
1261.00000 -1.21874e-02
1262.00000 -1.42568e-02
1263.00000 -1.62236e-02
1264.00000 -1.80290e-02
1265.00000 -1.97684e-02
1266.00000 -2.14060e-02
1267.00000 -2.28004e-02
1268.00000 -2.42100e-02
1269.00000 -2.55184e-02
1270.00000 -2.64924e-02
1271.00000 -2.75714e-02
1272.00000 -2.85498e-02
1273.00000 -2.90930e-02
1274.00000 -2.98406e-02
1275.00000 -3.04887e-02
1276.00000 -3.05916e-02
1277.00000 -3.10089e-02
1278.00000 -3.13287e-02
1279.00000 -3.09862e-02
1280.00000 -3.10792e-02
1281.00000 -3.10792e-02
1282.00000 -3.02953e-02
1283.00000 -3.00787e-02
1284.00000 -2.97770e-02
1285.00000 -2.85708e-02
1286.00000 -2.80721e-02
1287.00000 -2.75006e-02
1288.00000 -2.59116e-02
1289.00000 -2.51743e-02
1290.00000 -2.43818e-02
1291.00000 -2.24743e-02
1292.00000 -2.15603e-02
1293.00000 -2.06141e-02
1294.00000 -1.84788e-02
1295.00000 -1.74681e-02
1296.00000 -1.64528e-02
1297.00000 -1.42052e-02
1298.00000 -1.31926e-02
1299.00000 -1.22061e-02
1300.00000 -9.97828e-03
1301.00000 -9.06615e-03
1302.00000 -8.21064e-03
1303.00000 -6.13841e-03
1304.00000 -5.42506e-03
1305.00000 -4.79440e-03
1306.00000 -2.99845e-03
1307.00000 -2.56289e-03
1308.00000 -2.22670e-03
1309.00000 -7.92137e-04
1310.00000 -6.78140e-04
1311.00000 -6.66336e-04
1312.00000 3.74563e-04
1313.00000 1.70746e-04
1314.00000 -1.21757e-04
1315.00000 5.53656e-04
1316.00000 8.72834e-05
1317.00000 -4.38756e-04
1318.00000 -4.58110e-05
1319.00000 -6.75030e-04
1320.00000 -1.32368e-03
1321.00000 -1.09318e-03
1322.00000 -1.75807e-03
1323.00000 -2.39773e-03
1324.00000 -2.19740e-03
1325.00000 -2.76586e-03
1326.00000 -3.26771e-03
1327.00000 -2.97788e-03
1328.00000 -3.33569e-03
1329.00000 -3.59567e-03
1330.00000 -3.12899e-03
1331.00000 -3.19840e-03
1332.00000 -3.15399e-03
1333.00000 -2.46740e-03
1334.00000 -2.21907e-03
1335.00000 -1.85885e-03
1336.00000 -9.57354e-04
1337.00000 -4.14784e-04
1338.00000 2.19663e-04
1339.00000 1.28634e-03
1340.00000 2.04973e-03
1341.00000 2.86927e-03
1342.00000 4.01566e-03
1343.00000 4.88614e-03
1344.00000 5.76581e-03
1345.00000 6.88364e-03
1346.00000 7.72210e-03
1347.00000 8.51767e-03
1348.00000 9.49092e-03
1349.00000 1.01512e-02
1350.00000 1.07182e-02
1351.00000 1.14385e-02
1352.00000 1.17866e-02
1353.00000 1.19994e-02
1354.00000 1.23793e-02
1355.00000 1.23104e-02
1356.00000 1.20774e-02
1357.00000 1.20613e-02
1358.00000 1.15117e-02
1359.00000 1.07853e-02
1360.00000 1.03546e-02
1361.00000 9.30677e-03
1362.00000 8.08551e-03
1363.00000 7.25965e-03
1364.00000 5.73989e-03
1365.00000 4.06338e-03
1366.00000 2.89499e-03
1367.00000 9.64314e-04
1368.00000 -1.09746e-03
1369.00000 -2.53246e-03
1370.00000 -4.79226e-03
1371.00000 -7.15381e-03
1372.00000 -8.77139e-03
1373.00000 -1.12741e-02
1374.00000 -1.38498e-02
1375.00000 -1.55787e-02
1376.00000 -1.82481e-02
1377.00000 -2.37215e-02
1378.00000 -3.03407e-02
1379.00000 -3.49026e-02
1380.00000 -3.96599e-02
1381.00000 -4.46588e-02
1382.00000 -4.79483e-02
1383.00000 -5.15911e-02
1384.00000 -5.40785e-02
1385.00000 -5.75117e-02
1386.00000 -5.99570e-02
1387.00000 -6.11133e-02
1388.00000 -6.38198e-02
1389.00000 -6.39121e-02
1390.00000 -6.34737e-02
1391.00000 -6.41993e-02
1392.00000 -6.26583e-02
1393.00000 -6.15488e-02
1394.00000 -5.98193e-02
1395.00000 -5.70538e-02
1396.00000 -5.52229e-02
1397.00000 -5.18326e-02
1398.00000 -5.17785e-02
1399.00000 -4.78209e-02
1400.00000 -4.32596e-02
1401.00000 -4.45569e-02
1402.00000 -3.87326e-02
1403.00000 -3.20049e-02
1404.00000 -2.05498e-02
1405.00000 -1.35713e-02
1406.00000 -1.00344e-02
1407.00000 -1.16683e-03
1408.00000 1.35073e-04
1409.00000 5.17506e-03
1410.00000 1.75995e-02
1411.00000 8.05531e-03
1412.00000 2.37678e-02
1413.00000 8.38437e-03
1414.00000 9.18784e-02
1415.00000 9.89341e-02
1416.00000 9.68265e-02
1417.00000 8.33002e-02
1418.00000 7.94593e-02
1419.00000 7.37815e-02
1420.00000 6.76401e-02
1421.00000 5.64338e-02
1422.00000 4.91003e-02
1423.00000 4.13055e-02
1424.00000 2.93263e-02
1425.00000 2.06660e-02
1426.00000 1.15895e-02
1427.00000 -1.26314e-03
1428.00000 -1.06877e-02
1429.00000 -2.06121e-02
1430.00000 -3.26764e-02
1431.00000 -4.08625e-02
1432.00000 -4.87440e-02
1433.00000 -5.43612e-02
1434.00000 -5.99955e-02
1435.00000 -6.20176e-02
1436.00000 -6.02165e-02
1437.00000 -5.87766e-02
1438.00000 -5.28613e-02
1439.00000 -4.64134e-02
1440.00000 -4.09728e-02
1441.00000 -3.47830e-02
1442.00000 -2.98624e-02
1443.00000 -2.53167e-02
1444.00000 -2.14335e-02
1445.00000 -1.88618e-02
1446.00000 -1.64897e-02
1447.00000 -1.53156e-02
1448.00000 -1.42015e-02
1449.00000 -1.36250e-02
1450.00000 -1.40250e-02
1451.00000 -1.42868e-02
1452.00000 -1.47801e-02
1453.00000 -1.60636e-02
1454.00000 -1.68380e-02
1455.00000 -1.78110e-02
1456.00000 -1.89667e-02
1457.00000 -1.96118e-02
1458.00000 -2.02582e-02
1459.00000 -2.05501e-02
1460.00000 -2.13499e-02
1461.00000 -2.12023e-02
1462.00000 -2.07534e-02
1463.00000 -2.10621e-02
1464.00000 -2.02957e-02
1465.00000 -1.94233e-02
1466.00000 -1.91785e-02
1467.00000 -1.75730e-02
1468.00000 -1.58152e-02
1469.00000 -1.32193e-02
1470.00000 -1.00427e-02
1471.00000 -6.81120e-03
1472.00000 -3.12595e-03
1473.00000 1.16119e-03
1474.00000 5.27527e-03
1475.00000 9.63632e-03
1476.00000 1.36951e-02
1477.00000 1.80569e-02
1478.00000 2.14081e-02
1479.00000 2.51142e-02
1480.00000 2.92164e-02
1481.00000 3.16201e-02
1482.00000 3.59142e-02
1483.00000 3.69017e-02
1484.00000 3.77037e-02
1485.00000 4.40937e-02
1486.00000 2.86994e-02
1487.00000 2.45316e-01
1488.00000 1.35169e-01
1489.00000 1.37641e-01
1490.00000 1.39631e-01
1491.00000 1.41405e-01
1492.00000 1.42971e-01
1493.00000 1.44475e-01
1494.00000 1.45623e-01
1495.00000 1.46584e-01
1496.00000 1.47364e-01
1497.00000 1.48027e-01
1498.00000 1.48447e-01
1499.00000 1.48708e-01
1500.00000 1.48816e-01
1501.00000 1.48765e-01
1502.00000 1.48575e-01
1503.00000 1.48255e-01
1504.00000 1.47757e-01
1505.00000 1.47189e-01
1506.00000 1.46515e-01
1507.00000 1.45743e-01
1508.00000 1.44781e-01
1509.00000 1.43829e-01
1510.00000 1.42804e-01
1511.00000 1.41713e-01
1512.00000 1.40434e-01
1513.00000 1.39230e-01
1514.00000 1.37984e-01
1515.00000 1.36703e-01
1516.00000 1.35247e-01
1517.00000 1.33914e-01
1518.00000 1.32566e-01
1519.00000 1.31059e-01
1520.00000 1.29701e-01
1521.00000 1.28346e-01
1522.00000 1.27001e-01
1523.00000 1.25523e-01
1524.00000 1.24214e-01
1525.00000 1.22931e-01
1526.00000 1.21677e-01
1527.00000 1.20325e-01
1528.00000 1.19149e-01
1529.00000 1.18019e-01
1530.00000 1.16937e-01
1531.00000 1.15799e-01
1532.00000 1.14836e-01
1533.00000 1.13936e-01
1534.00000 1.13016e-01
1535.00000 1.12264e-01
1536.00000 1.11590e-01
1537.00000 1.10996e-01
1538.00000 1.10437e-01
1539.00000 1.10028e-01
1540.00000 1.09711e-01
1541.00000 1.09490e-01
1542.00000 1.09360e-01
1543.00000 1.09349e-01
1544.00000 1.09440e-01
1545.00000 1.01571e-01
1546.00000 1.01854e-01
1547.00000 1.02153e-01
1548.00000 1.02495e-01
1549.00000 1.02928e-01
1550.00000 1.03368e-01
1551.00000 1.03860e-01
1552.00000 1.04413e-01
1553.00000 1.05115e-01
1554.00000 1.05852e-01
1555.00000 1.06742e-01
1556.00000 1.07899e-01
1557.00000 1.09895e-01
1558.00000 1.13872e-01
1559.00000 1.38924e-01
1560.00000 -5.18922e-02
1561.00000 9.99680e-02
1562.00000 1.43348e-01
1563.00000 1.05063e-01
1564.00000 9.29558e-02
1565.00000 8.77919e-02
1566.00000 8.46026e-02
1567.00000 8.23678e-02
1568.00000 8.04888e-02
1569.00000 7.91147e-02
1570.00000 7.79240e-02
1571.00000 7.68499e-02
1572.00000 7.57417e-02
1573.00000 7.47906e-02
1574.00000 7.38632e-02
1575.00000 7.29459e-02
1576.00000 7.19265e-02
1577.00000 7.10009e-02
1578.00000 7.00619e-02
1579.00000 6.89980e-02
1580.00000 6.80185e-02
1581.00000 6.70161e-02
1582.00000 6.59890e-02
1583.00000 6.48178e-02
1584.00000 6.37359e-02
1585.00000 6.26275e-02
1586.00000 6.14926e-02
1587.00000 6.02009e-02
1588.00000 5.90115e-02
1589.00000 5.77974e-02
1590.00000 5.65596e-02
1591.00000 5.51578e-02
1592.00000 5.38737e-02
1593.00000 5.25698e-02
1594.00000 5.10997e-02
1595.00000 4.97592e-02
1596.00000 4.84038e-02
1597.00000 4.70354e-02
1598.00000 4.55787e-02
1599.00000 4.41117e-02
1600.00000 4.27142e-02
1601.00000 4.12331e-02
1602.00000 3.98264e-02
1603.00000 3.83397e-02
1604.00000 3.69315e-02
1605.00000 3.54474e-02
1606.00000 3.39676e-02
1607.00000 3.25717e-02
1608.00000 3.11062e-02
1609.00000 2.97272e-02
1610.00000 2.82832e-02
1611.00000 2.69275e-02
1612.00000 2.55113e-02
1613.00000 2.41847e-02
1614.00000 2.28019e-02
1615.00000 2.15093e-02
1616.00000 2.01646e-02
1617.00000 1.89101e-02
1618.00000 1.76073e-02
1619.00000 1.63940e-02
1620.00000 1.51360e-02
1621.00000 1.39017e-02
1622.00000 1.27546e-02
1623.00000 1.15674e-02
1624.00000 1.04652e-02
1625.00000 9.32531e-03
1626.00000 8.26769e-03
1627.00000 7.17444e-03
1628.00000 6.16024e-03
1629.00000 5.11183e-03
1630.00000 4.13893e-03
1631.00000 3.13264e-03
1632.00000 2.19802e-03
1633.00000 1.23019e-03
1634.00000 3.29979e-04
1635.00000 -6.03874e-04
1636.00000 -1.52228e-03
1637.00000 -2.37944e-03
1638.00000 -3.27207e-03
1639.00000 -4.10765e-03
1640.00000 -4.98062e-03
1641.00000 -5.80058e-03
1642.00000 -6.66027e-03
1643.00000 -7.47067e-03
1644.00000 -8.32340e-03
1645.00000 -9.13003e-03
1646.00000 -9.98155e-03
1647.00000 -1.07894e-02
1648.00000 -1.16442e-02
1649.00000 -1.24565e-02
1650.00000 -1.33169e-02
1651.00000 -1.41800e-02
1652.00000 -1.49993e-02
1653.00000 -1.58414e-02
1654.00000 -1.66813e-02
1655.00000 -1.75154e-02
1656.00000 -1.83391e-02
1657.00000 -1.91677e-02
1658.00000 -1.99496e-02
1659.00000 -2.06967e-02
1660.00000 -2.13968e-02
1661.00000 -2.20345e-02
1662.00000 -2.25913e-02
1663.00000 -2.30446e-02
1664.00000 -2.33674e-02
1665.00000 -2.35276e-02
1666.00000 -2.34869e-02
1667.00000 -2.32001e-02
1668.00000 -2.26141e-02
1669.00000 -2.16669e-02
1670.00000 -2.02868e-02
1671.00000 -1.83906e-02
1672.00000 -1.58065e-02
1673.00000 -1.25605e-02
1674.00000 -8.47252e-03
1675.00000 -3.40967e-03
1676.00000 2.77209e-03
1677.00000 1.02247e-02
1678.00000 1.91028e-02
1679.00000 2.95557e-02
1680.00000 4.17155e-02
1681.00000 5.56803e-02
1682.00000 7.14918e-02
1683.00000 8.93574e-02
1684.00000 1.08637e-01
1685.00000 1.29237e-01
1686.00000 1.50646e-01
1687.00000 1.72129e-01
1688.00000 1.92719e-01
1689.00000 2.11236e-01
1690.00000 2.26532e-01
1691.00000 2.36837e-01
1692.00000 2.41186e-01
1693.00000 2.38740e-01
1694.00000 2.29215e-01
1695.00000 2.13012e-01
1696.00000 1.91081e-01
1697.00000 1.65422e-01
1698.00000 1.37936e-01
1699.00000 1.10489e-01
1700.00000 8.52077e-02
1701.00000 6.31442e-02
1702.00000 4.48871e-02
1703.00000 3.06484e-02
1704.00000 1.99904e-02
1705.00000 1.23624e-02
1706.00000 7.00141e-03
1707.00000 3.13371e-03
1708.00000 1.21596e-06
1709.00000 -4.93571e-05
1710.00000 -1.19390e-04
1711.00000 -2.18285e-04
1712.00000 -3.29254e-04
1713.00000 -4.29141e-04
1714.00000 -5.19807e-04
1715.00000 -5.65902e-04
1716.00000 -5.54478e-04
1717.00000 -4.43831e-04
1718.00000 -2.15152e-04
1719.00000 9.11944e-05
1720.00000 5.71811e-04
1721.00000 1.17975e-03
1722.00000 1.79066e-03
1723.00000 2.56780e-03
1724.00000 3.38793e-03
1725.00000 4.06735e-03
1726.00000 4.84918e-03
1727.00000 5.56624e-03
1728.00000 6.02822e-03
1729.00000 6.53848e-03
1730.00000 6.92367e-03
1731.00000 7.02337e-03
1732.00000 7.15123e-03
1733.00000 7.15269e-03
1734.00000 6.90856e-03
1735.00000 6.69655e-03
1736.00000 6.39274e-03
1737.00000 5.91497e-03
1738.00000 5.48303e-03
1739.00000 5.00504e-03
1740.00000 4.42504e-03
1741.00000 3.90638e-03
1742.00000 3.38327e-03
1743.00000 2.81364e-03
1744.00000 2.31964e-03
1745.00000 1.85187e-03
1746.00000 1.37120e-03
1747.00000 9.78106e-04
1748.00000 6.29405e-04
1749.00000 2.80894e-04
1750.00000 2.88003e-05
1751.00000 -1.72232e-04
1752.00000 -3.75894e-04
1753.00000 -4.78171e-04
1754.00000 -5.31950e-04
1755.00000 -6.01360e-04
1756.00000 -5.68948e-04
1757.00000 -4.97138e-04
1758.00000 -4.58553e-04
1759.00000 -3.22546e-04
1760.00000 -1.60085e-04
1761.00000 -4.82690e-05
1762.00000 1.51886e-04
1763.00000 3.64176e-04
1764.00000 5.12151e-04
1765.00000 7.35385e-04
1766.00000 9.57135e-04
1767.00000 1.10692e-03
1768.00000 1.31603e-03
1769.00000 1.51234e-03
1770.00000 1.63605e-03
1771.00000 1.80171e-03
1772.00000 1.94666e-03
1773.00000 2.02521e-03
1774.00000 2.12849e-03
1775.00000 2.20704e-03
1776.00000 2.23108e-03
1777.00000 2.26429e-03
1778.00000 2.27258e-03
1779.00000 2.24216e-03
1780.00000 2.20814e-03
1781.00000 2.15233e-03
1782.00000 2.07535e-03
1783.00000 1.98555e-03
1784.00000 1.87951e-03
1785.00000 1.76934e-03
1786.00000 1.64094e-03
1787.00000 1.50311e-03
1788.00000 1.37580e-03
1789.00000 1.22845e-03
1790.00000 1.07862e-03
1791.00000 9.50159e-04
1792.00000 8.02824e-04
1793.00000 6.59135e-04
1794.00000 5.43140e-04
1795.00000 4.11647e-04
1796.00000 2.88413e-04
1797.00000 1.94629e-04
1798.00000 9.00813e-05
1799.00000 -3.41948e-06
1800.00000 -6.97175e-05
1801.00000 -1.41461e-04
1802.00000 -2.01171e-04
1803.00000 -2.38965e-04
1804.00000 -2.76921e-04
1805.00000 -3.03382e-04
1806.00000 -3.15110e-04
1807.00000 -3.22212e-04
1808.00000 -3.19482e-04
1809.00000 -3.09988e-04
1810.00000 -2.91908e-04
1811.00000 -2.66392e-04
1812.00000 -2.41935e-04
1813.00000 -2.06025e-04
1814.00000 -1.65498e-04
1815.00000 -1.33027e-04
1816.00000 -8.75581e-05
1817.00000 -4.05123e-05
1818.00000 -7.22344e-06
1819.00000 3.91198e-05
1820.00000 8.39404e-05
1821.00000 1.10938e-04
1822.00000 1.49551e-04
1823.00000 1.83731e-04
1824.00000 1.97964e-04
1825.00000 2.21178e-04
1826.00000 2.37673e-04
1827.00000 2.34346e-04
1828.00000 2.36856e-04
1829.00000 2.31597e-04
1830.00000 2.09090e-04
1831.00000 1.89730e-04
1832.00000 1.63332e-04
1833.00000 1.24609e-04
1834.00000 8.76273e-05
1835.00000 4.62499e-05
1836.00000 -8.03977e-07
1837.00000 -4.60126e-05
1838.00000 -9.16530e-05
1839.00000 -1.35729e-04
1840.00000 -1.76998e-04
1841.00000 -2.14634e-04
1842.00000 -2.44259e-04
1843.00000 -2.70547e-04
1844.00000 -2.90443e-04
1845.00000 -2.97877e-04
1846.00000 -3.03174e-04
1847.00000 -3.01637e-04
1848.00000 -2.85847e-04
1849.00000 -2.71506e-04
1850.00000 -2.52434e-04
1851.00000 -2.19968e-04
1852.00000 -1.94574e-04
1853.00000 -1.68465e-04
1854.00000 -1.31871e-04
1855.00000 -1.08680e-04
1856.00000 -8.93999e-05
1857.00000 -6.35724e-05
1858.00000 -5.61952e-05
1859.00000 -5.62953e-05
1860.00000 -5.35590e-05
1861.00000 -7.08393e-05
1862.00000 -9.64227e-05
1863.00000 -1.21329e-04
1864.00000 -1.62478e-04
1865.00000 -2.08682e-04
1866.00000 -2.53630e-04
1867.00000 -3.04746e-04
1868.00000 -3.53002e-04
1869.00000 -3.95901e-04
1870.00000 -4.29055e-04
1871.00000 -4.47272e-04
1872.00000 -4.52404e-04
1873.00000 -4.28271e-04
1874.00000 -3.74751e-04
1875.00000 -2.97509e-04
1876.00000 -1.71793e-04
1877.00000 -2.73678e-06
1878.00000 2.02206e-04
1879.00000 4.69577e-04
1880.00000 7.90439e-04
1881.00000 1.15938e-03
1882.00000 1.59462e-03
1883.00000 2.08695e-03
1884.00000 2.63870e-03
1885.00000 3.24711e-03
1886.00000 3.90839e-03
1887.00000 4.64001e-03
1888.00000 5.40393e-03
1889.00000 6.20937e-03
1890.00000 7.09771e-03
1891.00000 7.98042e-03
1892.00000 8.88870e-03
1893.00000 9.89748e-03
1894.00000 1.08520e-02
1895.00000 1.18152e-02
1896.00000 1.29051e-02
1897.00000 1.38848e-02
1898.00000 1.48579e-02
1899.00000 1.59928e-02
1900.00000 1.69541e-02
1901.00000 -1.82481e-02
1902.00000 -2.23894e-02
1903.00000 -2.68796e-02
1904.00000 -3.03278e-02
1905.00000 -3.22925e-02
1906.00000 -3.21450e-02
1907.00000 -3.17306e-02
1908.00000 -4.14977e-02
1909.00000 -5.17526e-02
1910.00000 -8.77690e-02
1911.00000 -1.08160e-01
1912.00000 -1.19272e-01
1913.00000 -1.20588e-01
1914.00000 -1.15744e-01
1915.00000 -1.08158e-01
1916.00000 -9.86643e-02
1917.00000 -8.97630e-02
1918.00000 -8.21404e-02
1919.00000 -7.23409e-02
1920.00000 -6.48766e-02
1921.00000 -5.87757e-02
1922.00000 -5.24148e-02
1923.00000 -4.60678e-02
1924.00000 -4.07887e-02
1925.00000 -3.59625e-02
1926.00000 -3.11372e-02
1927.00000 -2.71299e-02
1928.00000 -2.34620e-02
1929.00000 -1.97792e-02
1930.00000 -1.67277e-02
1931.00000 -1.42386e-02
1932.00000 -1.16574e-02
1933.00000 -8.80931e-03
1934.00000 -6.92545e-03
1935.00000 -4.98516e-03
1936.00000 -3.03877e-03
1937.00000 -1.46484e-03
1938.00000 -5.34658e-05
1939.00000 1.34423e-03
1940.00000 2.44059e-03
1941.00000 3.39340e-03
1942.00000 4.30533e-03
1943.00000 4.97330e-03
1944.00000 5.46042e-03
1945.00000 5.88011e-03
1946.00000 6.23299e-03
1947.00000 6.36578e-03
1948.00000 6.38859e-03
1949.00000 6.28418e-03
1950.00000 6.03954e-03
1951.00000 5.66456e-03
1952.00000 5.11525e-03
1953.00000 4.46600e-03
1954.00000 3.78168e-03
1955.00000 2.67142e-03
1956.00000 1.60110e-03
1957.00000 5.37003e-04
1958.00000 -8.00703e-04
1959.00000 -2.61696e-03
1960.00000 -4.08038e-03
1961.00000 -5.87406e-03
1962.00000 -8.02624e-03
1963.00000 -1.01405e-02
1964.00000 -1.24121e-02
1965.00000 -1.51027e-02
1966.00000 -1.77074e-02
1967.00000 -2.01530e-02
1968.00000 -2.37183e-02
1969.00000 -2.68239e-02
1970.00000 -2.97145e-02
1971.00000 -3.31230e-02
1972.00000 -3.70742e-02
1973.00000 -4.08076e-02
1974.00000 -4.46881e-02
1975.00000 -4.91412e-02
1976.00000 -5.33016e-02
1977.00000 -5.75759e-02
1978.00000 -6.24156e-02
1979.00000 -6.68692e-02
1980.00000 -7.08616e-02
1981.00000 -7.63620e-02
1982.00000 -8.08498e-02
1983.00000 -8.47719e-02
1984.00000 -8.90768e-02
1985.00000 -9.36223e-02
1986.00000 -9.74722e-02
1987.00000 -1.00991e-01
1988.00000 -1.04390e-01
1989.00000 -1.06945e-01
1990.00000 -1.08902e-01
1991.00000 -1.10251e-01
1992.00000 -1.10682e-01
1993.00000 -1.10354e-01
1994.00000 -1.09152e-01
1995.00000 -1.06423e-01
1996.00000 -1.03576e-01
1997.00000 -9.95293e-02
1998.00000 -9.40348e-02
1999.00000 -8.83230e-02
2000.00000 -8.19851e-02
2001.00000 -7.43733e-02
2002.00000 -1.96162e-01
2003.00000 -1.44536e-01
2004.00000 -9.00686e-02
2005.00000 -5.79929e-02
2006.00000 -3.72479e-02
2007.00000 -2.09547e-02
2008.00000 -8.76734e-03
2009.00000 -3.81829e-03
2010.00000 -9.74814e-04
2011.00000 2.86607e-05
2012.00000 -1.80925e-06
